{
    "transform": {
        "0": [
            1.0,
            -0.0,
            0.0,
            0.0,
            1.0,
            0.0,
            0.0,
            0.0,
            1.0
        ],
        "1": [
            0.999779224395752,
            -0.021012451499700546,
            0.0,
            0.021012451499700546,
            0.999779224395752,
            0.0,
            0.0,
            0.0,
            1.0
        ],
        "2": [
            0.9991169571876526,
            -0.042015623301267624,
            0.0,
            0.042015623301267624,
            0.9991169571876526,
            0.0,
            0.0,
            0.0,
            1.0
        ],
        "3": [
            0.9980134963989258,
            -0.06300024688243866,
            0.0,
            0.06300024688243866,
            0.9980134963989258,
            0.0,
            0.0,
            0.0,
            1.0
        ],
        "4": [
            0.9964693784713745,
            -0.08395704627037048,
            0.0,
            0.08395704627037048,
            0.9964693784713745,
            0.0,
            0.0,
            0.0,
            1.0
        ],
        "5": [
            0.9944851994514465,
            -0.10487677156925201,
            0.0,
            0.10487677156925201,
            0.9944851994514465,
            0.0,
            0.0,
            0.0,
            1.0
        ],
        "6": [
            0.9920619130134583,
            -0.12575018405914307,
            0.0,
            0.12575018405914307,
            0.9920619130134583,
            0.0,
            0.0,
            0.0,
            1.0
        ],
        "7": [
            0.9892005920410156,
            -0.14656807482242584,
            0.0,
            0.14656807482242584,
            0.9892005920410156,
            0.0,
            0.0,
            0.0,
            1.0
        ],
        "8": [
            0.9859024286270142,
            -0.16732124984264374,
            0.0,
            0.16732124984264374,
            0.9859024286270142,
            0.0,
            0.0,
            0.0,
            1.0
        ],
        "9": [
            0.9821689128875732,
            -0.18800053000450134,
            0.0,
            0.18800053000450134,
            0.9821689128875732,
            0.0,
            0.0,
            0.0,
            1.0
        ],
        "10": [
            0.9780017137527466,
            -0.20859679579734802,
            0.0,
            0.20859679579734802,
            0.9780017137527466,
            0.0,
            0.0,
            0.0,
            1.0
        ],
        "11": [
            0.9734026789665222,
            -0.22910095751285553,
            0.0,
            0.22910095751285553,
            0.9734026789665222,
            0.0,
            0.0,
            0.0,
            1.0
        ],
        "12": [
            0.9683737754821777,
            -0.249503955245018,
            0.0,
            0.249503955245018,
            0.9683737754821777,
            0.0,
            0.0,
            0.0,
            1.0
        ],
        "13": [
            0.9629172682762146,
            -0.269796758890152,
            0.0,
            0.269796758890152,
            0.9629172682762146,
            0.0,
            0.0,
            0.0,
            1.0
        ],
        "14": [
            0.9570356011390686,
            -0.2899704575538635,
            0.0,
            0.2899704575538635,
            0.9570356011390686,
            0.0,
            0.0,
            0.0,
            1.0
        ],
        "15": [
            0.9507312774658203,
            -0.31001609563827515,
            0.0,
            0.31001609563827515,
            0.9507312774658203,
            0.0,
            0.0,
            0.0,
            1.0
        ],
        "16": [
            0.9440072178840637,
            -0.3299248516559601,
            0.0,
            0.3299248516559601,
            0.9440072178840637,
            0.0,
            0.0,
            0.0,
            1.0
        ],
        "17": [
            0.9368662238121033,
            -0.3496879041194916,
            0.0,
            0.3496879041194916,
            0.9368662238121033,
            0.0,
            0.0,
            0.0,
            1.0
        ],
        "18": [
            0.9293115735054016,
            -0.3692965507507324,
            0.0,
            0.3692965507507324,
            0.9293115735054016,
            0.0,
            0.0,
            0.0,
            1.0
        ],
        "19": [
            0.9213466048240662,
            -0.3887421488761902,
            0.0,
            0.3887421488761902,
            0.9213466048240662,
            0.0,
            0.0,
            0.0,
            1.0
        ],
        "20": [
            0.9129747748374939,
            -0.40801605582237244,
            0.0,
            0.40801605582237244,
            0.9129747748374939,
            0.0,
            0.0,
            0.0,
            1.0
        ],
        "21": [
            0.9041997790336609,
            -0.42710980772972107,
            0.0,
            0.42710980772972107,
            0.9041997790336609,
            0.0,
            0.0,
            0.0,
            1.0
        ],
        "22": [
            0.8950254917144775,
            -0.44601497054100037,
            0.0,
            0.44601497054100037,
            0.8950254917144775,
            0.0,
            0.0,
            0.0,
            1.0
        ],
        "23": [
            0.8854560256004333,
            -0.4647231698036194,
            0.0,
            0.4647231698036194,
            0.8854560256004333,
            0.0,
            0.0,
            0.0,
            1.0
        ],
        "24": [
            0.8754955530166626,
            -0.4832261800765991,
            0.0,
            0.4832261800765991,
            0.8754955530166626,
            0.0,
            0.0,
            0.0,
            1.0
        ],
        "25": [
            0.8651484847068787,
            -0.501515805721283,
            0.0,
            0.501515805721283,
            0.8651484847068787,
            0.0,
            0.0,
            0.0,
            1.0
        ],
        "26": [
            0.8544194102287292,
            -0.5195839405059814,
            0.0,
            0.5195839405059814,
            0.8544194102287292,
            0.0,
            0.0,
            0.0,
            1.0
        ],
        "27": [
            0.8433130383491516,
            -0.5374226570129395,
            0.0,
            0.5374226570129395,
            0.8433130383491516,
            0.0,
            0.0,
            0.0,
            1.0
        ],
        "28": [
            0.8318342566490173,
            -0.5550240874290466,
            0.0,
            0.5550240874290466,
            0.8318342566490173,
            0.0,
            0.0,
            0.0,
            1.0
        ],
        "29": [
            0.8199881911277771,
            -0.5723804235458374,
            0.0,
            0.5723804235458374,
            0.8199881911277771,
            0.0,
            0.0,
            0.0,
            1.0
        ],
        "30": [
            0.8077800273895264,
            -0.5894840359687805,
            0.0,
            0.5894840359687805,
            0.8077800273895264,
            0.0,
            0.0,
            0.0,
            1.0
        ],
        "31": [
            0.7952151894569397,
            -0.6063272953033447,
            0.0,
            0.6063272953033447,
            0.7952151894569397,
            0.0,
            0.0,
            0.0,
            1.0
        ],
        "32": [
            0.7822992205619812,
            -0.6229028701782227,
            0.0,
            0.6229028701782227,
            0.7822992205619812,
            0.0,
            0.0,
            0.0,
            1.0
        ],
        "33": [
            0.7690377831459045,
            -0.6392033696174622,
            0.0,
            0.6392033696174622,
            0.7690377831459045,
            0.0,
            0.0,
            0.0,
            1.0
        ],
        "34": [
            0.7554367184638977,
            -0.6552215814590454,
            0.0,
            0.6552215814590454,
            0.7554367184638977,
            0.0,
            0.0,
            0.0,
            1.0
        ],
        "35": [
            0.7415021061897278,
            -0.6709505319595337,
            0.0,
            0.6709505319595337,
            0.7415021061897278,
            0.0,
            0.0,
            0.0,
            1.0
        ],
        "36": [
            0.7272400856018066,
            -0.6863831281661987,
            0.0,
            0.6863831281661987,
            0.7272400856018066,
            0.0,
            0.0,
            0.0,
            1.0
        ],
        "37": [
            0.7126569747924805,
            -0.7015126943588257,
            0.0,
            0.7015126943588257,
            0.7126569747924805,
            0.0,
            0.0,
            0.0,
            1.0
        ],
        "38": [
            0.6977590918540955,
            -0.7163324952125549,
            0.0,
            0.7163324952125549,
            0.6977590918540955,
            0.0,
            0.0,
            0.0,
            1.0
        ],
        "39": [
            0.6825531721115112,
            -0.7308359742164612,
            0.0,
            0.7308359742164612,
            0.6825531721115112,
            0.0,
            0.0,
            0.0,
            1.0
        ],
        "40": [
            0.6670457720756531,
            -0.7450166940689087,
            0.0,
            0.7450166940689087,
            0.6670457720756531,
            0.0,
            0.0,
            0.0,
            1.0
        ],
        "41": [
            0.6512438654899597,
            -0.7588685154914856,
            0.0,
            0.7588685154914856,
            0.6512438654899597,
            0.0,
            0.0,
            0.0,
            1.0
        ],
        "42": [
            0.6351544260978699,
            -0.7723851799964905,
            0.0,
            0.7723851799964905,
            0.6351544260978699,
            0.0,
            0.0,
            0.0,
            1.0
        ],
        "43": [
            0.618784487247467,
            -0.7855607867240906,
            0.0,
            0.7855607867240906,
            0.618784487247467,
            0.0,
            0.0,
            0.0,
            1.0
        ],
        "44": [
            0.6021413207054138,
            -0.7983895540237427,
            0.0,
            0.7983895540237427,
            0.6021413207054138,
            0.0,
            0.0,
            0.0,
            1.0
        ],
        "45": [
            0.5852322578430176,
            -0.8108657002449036,
            0.0,
            0.8108657002449036,
            0.5852322578430176,
            0.0,
            0.0,
            0.0,
            1.0
        ],
        "46": [
            0.5680647492408752,
            -0.8229838609695435,
            0.0,
            0.8229838609695435,
            0.5680647492408752,
            0.0,
            0.0,
            0.0,
            1.0
        ],
        "47": [
            0.5506464242935181,
            -0.8347386121749878,
            0.0,
            0.8347386121749878,
            0.5506464242935181,
            0.0,
            0.0,
            0.0,
            1.0
        ],
        "48": [
            0.5329849123954773,
            -0.8461247086524963,
            0.0,
            0.8461247086524963,
            0.5329849123954773,
            0.0,
            0.0,
            0.0,
            1.0
        ],
        "49": [
            0.5150880813598633,
            -0.8571372628211975,
            0.0,
            0.8571372628211975,
            0.5150880813598633,
            0.0,
            0.0,
            0.0,
            1.0
        ],
        "50": [
            0.49696382880210876,
            -0.8677712678909302,
            0.0,
            0.8677712678909302,
            0.49696382880210876,
            0.0,
            0.0,
            0.0,
            1.0
        ],
        "51": [
            0.47862011194229126,
            -0.8780220746994019,
            0.0,
            0.8780220746994019,
            0.47862011194229126,
            0.0,
            0.0,
            0.0,
            1.0
        ],
        "52": [
            0.4600650370121002,
            -0.8878852128982544,
            0.0,
            0.8878852128982544,
            0.4600650370121002,
            0.0,
            0.0,
            0.0,
            1.0
        ],
        "53": [
            0.44130682945251465,
            -0.8973562717437744,
            0.0,
            0.8973562717437744,
            0.44130682945251465,
            0.0,
            0.0,
            0.0,
            1.0
        ],
        "54": [
            0.42235371470451355,
            -0.9064310789108276,
            0.0,
            0.9064310789108276,
            0.42235371470451355,
            0.0,
            0.0,
            0.0,
            1.0
        ],
        "55": [
            0.40321412682533264,
            -0.9151056408882141,
            0.0,
            0.9151056408882141,
            0.40321412682533264,
            0.0,
            0.0,
            0.0,
            1.0
        ],
        "56": [
            0.38389649987220764,
            -0.9233761429786682,
            0.0,
            0.9233761429786682,
            0.38389649987220764,
            0.0,
            0.0,
            0.0,
            1.0
        ],
        "57": [
            0.36440935730934143,
            -0.9312388896942139,
            0.0,
            0.9312388896942139,
            0.36440935730934143,
            0.0,
            0.0,
            0.0,
            1.0
        ],
        "58": [
            0.34476128220558167,
            -0.9386904239654541,
            0.0,
            0.9386904239654541,
            0.34476128220558167,
            0.0,
            0.0,
            0.0,
            1.0
        ],
        "59": [
            0.32496097683906555,
            -0.9457274079322815,
            0.0,
            0.9457274079322815,
            0.32496097683906555,
            0.0,
            0.0,
            0.0,
            1.0
        ],
        "60": [
            0.3050171732902527,
            -0.9523468613624573,
            0.0,
            0.9523468613624573,
            0.3050171732902527,
            0.0,
            0.0,
            0.0,
            1.0
        ],
        "61": [
            0.2849386930465698,
            -0.9585457444190979,
            0.0,
            0.9585457444190979,
            0.2849386930465698,
            0.0,
            0.0,
            0.0,
            1.0
        ],
        "62": [
            0.2647343873977661,
            -0.9643213748931885,
            0.0,
            0.9643213748931885,
            0.2647343873977661,
            0.0,
            0.0,
            0.0,
            1.0
        ],
        "63": [
            0.24441318213939667,
            -0.9696711897850037,
            0.0,
            0.9696711897850037,
            0.24441318213939667,
            0.0,
            0.0,
            0.0,
            1.0
        ],
        "64": [
            0.22398404777050018,
            -0.9745928049087524,
            0.0,
            0.9745928049087524,
            0.22398404777050018,
            0.0,
            0.0,
            0.0,
            1.0
        ],
        "65": [
            0.20345601439476013,
            -0.9790840744972229,
            0.0,
            0.9790840744972229,
            0.20345601439476013,
            0.0,
            0.0,
            0.0,
            1.0
        ],
        "66": [
            0.18283814191818237,
            -0.9831430315971375,
            0.0,
            0.9831430315971375,
            0.18283814191818237,
            0.0,
            0.0,
            0.0,
            1.0
        ],
        "67": [
            0.16213952004909515,
            -0.9867678284645081,
            0.0,
            0.9867678284645081,
            0.16213952004909515,
            0.0,
            0.0,
            0.0,
            1.0
        ],
        "68": [
            0.1413693130016327,
            -0.9899569153785706,
            0.0,
            0.9899569153785706,
            0.1413693130016327,
            0.0,
            0.0,
            0.0,
            1.0
        ],
        "69": [
            0.1205366775393486,
            -0.9927088618278503,
            0.0,
            0.9927088618278503,
            0.1205366775393486,
            0.0,
            0.0,
            0.0,
            1.0
        ],
        "70": [
            0.09965082257986069,
            -0.9950224757194519,
            0.0,
            0.9950224757194519,
            0.09965082257986069,
            0.0,
            0.0,
            0.0,
            1.0
        ],
        "71": [
            0.07872095704078674,
            -0.9968966841697693,
            0.0,
            0.9968966841697693,
            0.07872095704078674,
            0.0,
            0.0,
            0.0,
            1.0
        ],
        "72": [
            0.05775633454322815,
            -0.9983307123184204,
            0.0,
            0.9983307123184204,
            0.05775633454322815,
            0.0,
            0.0,
            0.0,
            1.0
        ],
        "73": [
            0.036766208708286285,
            -0.9993239045143127,
            0.0,
            0.9993239045143127,
            0.036766208708286285,
            0.0,
            0.0,
            0.0,
            1.0
        ],
        "74": [
            0.015759846195578575,
            -0.9998757839202881,
            0.0,
            0.9998757839202881,
            0.015759846195578575,
            0.0,
            0.0,
            0.0,
            1.0
        ],
        "75": [
            -0.005253475159406662,
            -0.9999861717224121,
            0.0,
            0.9999861717224121,
            -0.005253475159406662,
            0.0,
            0.0,
            0.0,
            1.0
        ],
        "76": [
            -0.026264475658535957,
            -0.99965500831604,
            0.0,
            0.99965500831604,
            -0.026264475658535957,
            0.0,
            0.0,
            0.0,
            1.0
        ],
        "77": [
            -0.04726387932896614,
            -0.9988824129104614,
            0.0,
            0.9988824129104614,
            -0.04726387932896614,
            0.0,
            0.0,
            0.0,
            1.0
        ],
        "78": [
            -0.06824241578578949,
            -0.9976687431335449,
            0.0,
            0.9976687431335449,
            -0.06824241578578949,
            0.0,
            0.0,
            0.0,
            1.0
        ],
        "79": [
            -0.08919081091880798,
            -0.9960145354270935,
            0.0,
            0.9960145354270935,
            -0.08919081091880798,
            0.0,
            0.0,
            0.0,
            1.0
        ],
        "80": [
            -0.11009982973337173,
            -0.9939205050468445,
            0.0,
            0.9939205050468445,
            -0.11009982973337173,
            0.0,
            0.0,
            0.0,
            1.0
        ],
        "81": [
            -0.13096022605895996,
            -0.9913876056671143,
            0.0,
            0.9913876056671143,
            -0.13096022605895996,
            0.0,
            0.0,
            0.0,
            1.0
        ],
        "82": [
            -0.15176279842853546,
            -0.9884169697761536,
            0.0,
            0.9884169697761536,
            -0.15176279842853546,
            0.0,
            0.0,
            0.0,
            1.0
        ],
        "83": [
            -0.17249834537506104,
            -0.9850097894668579,
            0.0,
            0.9850097894668579,
            -0.17249834537506104,
            0.0,
            0.0,
            0.0,
            1.0
        ],
        "84": [
            -0.19315773248672485,
            -0.981167733669281,
            0.0,
            0.981167733669281,
            -0.19315773248672485,
            0.0,
            0.0,
            0.0,
            1.0
        ],
        "85": [
            -0.2137318253517151,
            -0.976892352104187,
            0.0,
            0.976892352104187,
            -0.2137318253517151,
            0.0,
            0.0,
            0.0,
            1.0
        ],
        "86": [
            -0.23421154916286469,
            -0.9721856713294983,
            0.0,
            0.9721856713294983,
            -0.23421154916286469,
            0.0,
            0.0,
            0.0,
            1.0
        ],
        "87": [
            -0.2545878291130066,
            -0.9670496582984924,
            0.0,
            0.9670496582984924,
            -0.2545878291130066,
            0.0,
            0.0,
            0.0,
            1.0
        ],
        "88": [
            -0.2748517096042633,
            -0.9614866375923157,
            0.0,
            0.9614866375923157,
            -0.2748517096042633,
            0.0,
            0.0,
            0.0,
            1.0
        ],
        "89": [
            -0.29499420523643494,
            -0.9554990530014038,
            0.0,
            0.9554990530014038,
            -0.29499420523643494,
            0.0,
            0.0,
            0.0,
            1.0
        ],
        "90": [
            -0.31500646471977234,
            -0.949089527130127,
            0.0,
            0.949089527130127,
            -0.31500646471977234,
            0.0,
            0.0,
            0.0,
            1.0
        ],
        "91": [
            -0.334879606962204,
            -0.9422609210014343,
            0.0,
            0.9422609210014343,
            -0.334879606962204,
            0.0,
            0.0,
            0.0,
            1.0
        ],
        "92": [
            -0.35460489988327026,
            -0.9350162148475647,
            0.0,
            0.9350162148475647,
            -0.35460489988327026,
            0.0,
            0.0,
            0.0,
            1.0
        ],
        "93": [
            -0.3741735816001892,
            -0.9273586869239807,
            0.0,
            0.9273586869239807,
            -0.3741735816001892,
            0.0,
            0.0,
            0.0,
            1.0
        ],
        "94": [
            -0.39357703924179077,
            -0.919291615486145,
            0.0,
            0.919291615486145,
            -0.39357703924179077,
            0.0,
            0.0,
            0.0,
            1.0
        ],
        "95": [
            -0.4128067195415497,
            -0.9108186364173889,
            0.0,
            0.9108186364173889,
            -0.4128067195415497,
            0.0,
            0.0,
            0.0,
            1.0
        ],
        "96": [
            -0.43185409903526306,
            -0.9019434452056885,
            0.0,
            0.9019434452056885,
            -0.43185409903526306,
            0.0,
            0.0,
            0.0,
            1.0
        ],
        "97": [
            -0.45071080327033997,
            -0.8926700353622437,
            0.0,
            0.8926700353622437,
            -0.45071080327033997,
            0.0,
            0.0,
            0.0,
            1.0
        ],
        "98": [
            -0.46936848759651184,
            -0.8830024003982544,
            0.0,
            0.8830024003982544,
            -0.46936848759651184,
            0.0,
            0.0,
            0.0,
            1.0
        ],
        "99": [
            -0.4878188967704773,
            -0.8729448318481445,
            0.0,
            0.8729448318481445,
            -0.4878188967704773,
            0.0,
            0.0,
            0.0,
            1.0
        ],
        "100": [
            -0.5060539245605469,
            -0.862501859664917,
            0.0,
            0.862501859664917,
            -0.5060539245605469,
            0.0,
            0.0,
            0.0,
            1.0
        ],
        "101": [
            -0.5240654349327087,
            -0.8516780138015747,
            0.0,
            0.8516780138015747,
            -0.5240654349327087,
            0.0,
            0.0,
            0.0,
            1.0
        ],
        "102": [
            -0.5418455600738525,
            -0.8404780626296997,
            0.0,
            0.8404780626296997,
            -0.5418455600738525,
            0.0,
            0.0,
            0.0,
            1.0
        ],
        "103": [
            -0.5593864321708679,
            -0.8289070129394531,
            0.0,
            0.8289070129394531,
            -0.5593864321708679,
            0.0,
            0.0,
            0.0,
            1.0
        ],
        "104": [
            -0.5766803026199341,
            -0.8169698715209961,
            0.0,
            0.8169698715209961,
            -0.5766803026199341,
            0.0,
            0.0,
            0.0,
            1.0
        ],
        "105": [
            -0.5937195420265198,
            -0.8046720623970032,
            0.0,
            0.8046720623970032,
            -0.5937195420265198,
            0.0,
            0.0,
            0.0,
            1.0
        ],
        "106": [
            -0.6104965806007385,
            -0.7920188903808594,
            0.0,
            0.7920188903808594,
            -0.6104965806007385,
            0.0,
            0.0,
            0.0,
            1.0
        ],
        "107": [
            -0.6270040273666382,
            -0.7790160179138184,
            0.0,
            0.7790160179138184,
            -0.6270040273666382,
            0.0,
            0.0,
            0.0,
            1.0
        ],
        "108": [
            -0.6432346701622009,
            -0.7656691074371338,
            0.0,
            0.7656691074371338,
            -0.6432346701622009,
            0.0,
            0.0,
            0.0,
            1.0
        ],
        "109": [
            -0.6591812372207642,
            -0.7519841194152832,
            0.0,
            0.7519841194152832,
            -0.6591812372207642,
            0.0,
            0.0,
            0.0,
            1.0
        ],
        "110": [
            -0.6748366951942444,
            -0.7379670739173889,
            0.0,
            0.7379670739173889,
            -0.6748366951942444,
            0.0,
            0.0,
            0.0,
            1.0
        ],
        "111": [
            -0.6901941895484924,
            -0.7236241698265076,
            0.0,
            0.7236241698265076,
            -0.6901941895484924,
            0.0,
            0.0,
            0.0,
            1.0
        ],
        "112": [
            -0.7052469253540039,
            -0.7089617252349854,
            0.0,
            0.7089617252349854,
            -0.7052469253540039,
            0.0,
            0.0,
            0.0,
            1.0
        ],
        "113": [
            -0.7199882864952087,
            -0.6939862370491028,
            0.0,
            0.6939862370491028,
            -0.7199882864952087,
            0.0,
            0.0,
            0.0,
            1.0
        ],
        "114": [
            -0.7344116568565369,
            -0.6787043213844299,
            0.0,
            0.6787043213844299,
            -0.7344116568565369,
            0.0,
            0.0,
            0.0,
            1.0
        ],
        "115": [
            -0.7485107779502869,
            -0.6631226539611816,
            0.0,
            0.6631226539611816,
            -0.7485107779502869,
            0.0,
            0.0,
            0.0,
            1.0
        ],
        "116": [
            -0.7622793316841125,
            -0.6472482085227966,
            0.0,
            0.6472482085227966,
            -0.7622793316841125,
            0.0,
            0.0,
            0.0,
            1.0
        ],
        "117": [
            -0.7757112979888916,
            -0.6310879588127136,
            0.0,
            0.6310879588127136,
            -0.7757112979888916,
            0.0,
            0.0,
            0.0,
            1.0
        ],
        "118": [
            -0.7888007164001465,
            -0.6146489977836609,
            0.0,
            0.6146489977836609,
            -0.7888007164001465,
            0.0,
            0.0,
            0.0,
            1.0
        ],
        "119": [
            -0.8015418648719788,
            -0.5979386568069458,
            0.0,
            0.5979386568069458,
            -0.8015418648719788,
            0.0,
            0.0,
            0.0,
            1.0
        ],
        "120": [
            -0.81392902135849,
            -0.5809642672538757,
            0.0,
            0.5809642672538757,
            -0.81392902135849,
            0.0,
            0.0,
            0.0,
            1.0
        ],
        "121": [
            -0.8259568214416504,
            -0.5637333989143372,
            0.0,
            0.5637333989143372,
            -0.8259568214416504,
            0.0,
            0.0,
            0.0,
            1.0
        ],
        "122": [
            -0.8376199007034302,
            -0.5462535619735718,
            0.0,
            0.5462535619735718,
            -0.8376199007034302,
            0.0,
            0.0,
            0.0,
            1.0
        ],
        "123": [
            -0.8489130735397339,
            -0.5285325050354004,
            0.0,
            0.5285325050354004,
            -0.8489130735397339,
            0.0,
            0.0,
            0.0,
            1.0
        ],
        "124": [
            -0.8598313927650452,
            -0.5105780363082886,
            0.0,
            0.5105780363082886,
            -0.8598313927650452,
            0.0,
            0.0,
            0.0,
            1.0
        ],
        "125": [
            -0.870370090007782,
            -0.49239814281463623,
            0.0,
            0.49239814281463623,
            -0.870370090007782,
            0.0,
            0.0,
            0.0,
            1.0
        ],
        "126": [
            -0.8805243968963623,
            -0.47400084137916565,
            0.0,
            0.47400084137916565,
            -0.8805243968963623,
            0.0,
            0.0,
            0.0,
            1.0
        ],
        "127": [
            -0.8902899026870728,
            -0.4553942084312439,
            0.0,
            0.4553942084312439,
            -0.8902899026870728,
            0.0,
            0.0,
            0.0,
            1.0
        ],
        "128": [
            -0.8996623158454895,
            -0.43658649921417236,
            0.0,
            0.43658649921417236,
            -0.8996623158454895,
            0.0,
            0.0,
            0.0,
            1.0
        ],
        "129": [
            -0.9086374044418335,
            -0.41758599877357483,
            0.0,
            0.41758599877357483,
            -0.9086374044418335,
            0.0,
            0.0,
            0.0,
            1.0
        ],
        "130": [
            -0.9172112941741943,
            -0.39840108156204224,
            0.0,
            0.39840108156204224,
            -0.9172112941741943,
            0.0,
            0.0,
            0.0,
            1.0
        ],
        "131": [
            -0.9253801703453064,
            -0.37904027104377747,
            0.0,
            0.37904027104377747,
            -0.9253801703453064,
            0.0,
            0.0,
            0.0,
            1.0
        ],
        "132": [
            -0.9331404566764832,
            -0.3595120906829834,
            0.0,
            0.3595120906829834,
            -0.9331404566764832,
            0.0,
            0.0,
            0.0,
            1.0
        ],
        "133": [
            -0.9404886364936829,
            -0.3398251235485077,
            0.0,
            0.3398251235485077,
            -0.9404886364936829,
            0.0,
            0.0,
            0.0,
            1.0
        ],
        "134": [
            -0.9474215507507324,
            -0.3199881315231323,
            0.0,
            0.3199881315231323,
            -0.9474215507507324,
            0.0,
            0.0,
            0.0,
            1.0
        ],
        "135": [
            -0.9539361000061035,
            -0.3000098466873169,
            0.0,
            0.3000098466873169,
            -0.9539361000061035,
            0.0,
            0.0,
            0.0,
            1.0
        ],
        "136": [
            -0.9600294232368469,
            -0.27989906072616577,
            0.0,
            0.27989906072616577,
            -0.9600294232368469,
            0.0,
            0.0,
            0.0,
            1.0
        ],
        "137": [
            -0.9656988382339478,
            -0.2596646845340729,
            0.0,
            0.2596646845340729,
            -0.9656988382339478,
            0.0,
            0.0,
            0.0,
            1.0
        ],
        "138": [
            -0.9709418416023254,
            -0.23931565880775452,
            0.0,
            0.23931565880775452,
            -0.9709418416023254,
            0.0,
            0.0,
            0.0,
            1.0
        ],
        "139": [
            -0.975756049156189,
            -0.2188609540462494,
            0.0,
            0.2188609540462494,
            -0.975756049156189,
            0.0,
            0.0,
            0.0,
            1.0
        ],
        "140": [
            -0.980139434337616,
            -0.19830961525440216,
            0.0,
            0.19830961525440216,
            -0.980139434337616,
            0.0,
            0.0,
            0.0,
            1.0
        ],
        "141": [
            -0.9840899705886841,
            -0.1776707023382187,
            0.0,
            0.1776707023382187,
            -0.9840899705886841,
            0.0,
            0.0,
            0.0,
            1.0
        ],
        "142": [
            -0.9876060485839844,
            -0.15695331990718842,
            0.0,
            0.15695331990718842,
            -0.9876060485839844,
            0.0,
            0.0,
            0.0,
            1.0
        ],
        "143": [
            -0.9906859397888184,
            -0.13616664707660675,
            0.0,
            0.13616664707660675,
            -0.9906859397888184,
            0.0,
            0.0,
            0.0,
            1.0
        ],
        "144": [
            -0.9933283925056458,
            -0.11531984806060791,
            0.0,
            0.11531984806060791,
            -0.9933283925056458,
            0.0,
            0.0,
            0.0,
            1.0
        ],
        "145": [
            -0.9955322742462158,
            -0.0944221168756485,
            0.0,
            0.0944221168756485,
            -0.9955322742462158,
            0.0,
            0.0,
            0.0,
            1.0
        ],
        "146": [
            -0.9972965121269226,
            -0.0734826996922493,
            0.0,
            0.0734826996922493,
            -0.9972965121269226,
            0.0,
            0.0,
            0.0,
            1.0
        ],
        "147": [
            -0.998620331287384,
            -0.052510831505060196,
            0.0,
            0.052510831505060196,
            -0.998620331287384,
            0.0,
            0.0,
            0.0,
            1.0
        ],
        "148": [
            -0.9995032548904419,
            -0.03151577711105347,
            0.0,
            0.03151577711105347,
            -0.9995032548904419,
            0.0,
            0.0,
            0.0,
            1.0
        ],
        "149": [
            -0.999944806098938,
            -0.010506805963814259,
            0.0,
            0.010506805963814259,
            -0.999944806098938,
            0.0,
            0.0,
            0.0,
            1.0
        ],
        "150": [
            -0.999944806098938,
            0.010506805963814259,
            0.0,
            -0.010506805963814259,
            -0.999944806098938,
            0.0,
            0.0,
            0.0,
            1.0
        ],
        "151": [
            -0.9995032548904419,
            0.03151577711105347,
            0.0,
            -0.03151577711105347,
            -0.9995032548904419,
            0.0,
            0.0,
            0.0,
            1.0
        ],
        "152": [
            -0.998620331287384,
            0.052510831505060196,
            0.0,
            -0.052510831505060196,
            -0.998620331287384,
            0.0,
            0.0,
            0.0,
            1.0
        ],
        "153": [
            -0.9972965121269226,
            0.0734826996922493,
            0.0,
            -0.0734826996922493,
            -0.9972965121269226,
            0.0,
            0.0,
            0.0,
            1.0
        ],
        "154": [
            -0.9955322742462158,
            0.0944221168756485,
            0.0,
            -0.0944221168756485,
            -0.9955322742462158,
            0.0,
            0.0,
            0.0,
            1.0
        ],
        "155": [
            -0.9933283925056458,
            0.11531984806060791,
            0.0,
            -0.11531984806060791,
            -0.9933283925056458,
            0.0,
            0.0,
            0.0,
            1.0
        ],
        "156": [
            -0.9906859397888184,
            0.13616664707660675,
            0.0,
            -0.13616664707660675,
            -0.9906859397888184,
            0.0,
            0.0,
            0.0,
            1.0
        ],
        "157": [
            -0.9876060485839844,
            0.15695331990718842,
            0.0,
            -0.15695331990718842,
            -0.9876060485839844,
            0.0,
            0.0,
            0.0,
            1.0
        ],
        "158": [
            -0.9840899705886841,
            0.1776707023382187,
            0.0,
            -0.1776707023382187,
            -0.9840899705886841,
            0.0,
            0.0,
            0.0,
            1.0
        ],
        "159": [
            -0.980139434337616,
            0.19830961525440216,
            0.0,
            -0.19830961525440216,
            -0.980139434337616,
            0.0,
            0.0,
            0.0,
            1.0
        ],
        "160": [
            -0.975756049156189,
            0.2188609540462494,
            0.0,
            -0.2188609540462494,
            -0.975756049156189,
            0.0,
            0.0,
            0.0,
            1.0
        ],
        "161": [
            -0.9709418416023254,
            0.23931565880775452,
            0.0,
            -0.23931565880775452,
            -0.9709418416023254,
            0.0,
            0.0,
            0.0,
            1.0
        ],
        "162": [
            -0.9656988382339478,
            0.2596646845340729,
            0.0,
            -0.2596646845340729,
            -0.9656988382339478,
            0.0,
            0.0,
            0.0,
            1.0
        ],
        "163": [
            -0.9600294232368469,
            0.27989906072616577,
            0.0,
            -0.27989906072616577,
            -0.9600294232368469,
            0.0,
            0.0,
            0.0,
            1.0
        ],
        "164": [
            -0.9539361000061035,
            0.3000098466873169,
            0.0,
            -0.3000098466873169,
            -0.9539361000061035,
            0.0,
            0.0,
            0.0,
            1.0
        ],
        "165": [
            -0.9474215507507324,
