{
  "camera": {
    "width": 1920,
    "height": 1280,
    "fov": 60
  },
  "trajectory": {
    "0": [
      -0.575719,
      -0.81764764,
      -8.3202173e-10,
      0.25349998,
      -0.04920397,
      0.034645315,
      -0.99818766,
      -0.016999988,
      0.8161658,
      -0.57467562,
      -0.060177479,
      2.7073574,
      0.0,
      0.0,
      0.0,
      1.0
    ],
    "1": [
      -0.575719,
      -0.81764764,
      -8.3202173e-10,
      0.25349998,
      -0.04920397,
      0.034645315,
      -0.99818766,
      -0.016999988,
      0.8161658,
      -0.57467562,
      -0.060177479,
      2.7073574,
      0.0,
      0.0,
      0.0,
      1.0
    ],
    "2": [
      -0.575719,
      -0.81764764,
      -8.3202173e-10,
      0.25349998,
      -0.04920397,
      0.034645315,
      -0.99818766,
      -0.016999988,
      0.8161658,
      -0.57467562,
      -0.060177479,
      2.7073574,
      0.0,
      0.0,
      0.0,
      1.0
    ],
    "3": [
      -0.575719,
      -0.81764764,
      -8.3202173e-10,
      0.25349998,
      -0.04920397,
      0.034645315,
      -0.99818766,
      -0.016999988,
      0.8161658,
      -0.57467562,
      -0.060177479,
      2.7073574,
      0.0,
      0.0,
      0.0,
      1.0
    ],
    "4": [
      -0.575719,
      -0.81764764,
      -8.3202173e-10,
      0.25349998,
      -0.04920397,
      0.034645315,
      -0.99818766,
      -0.016999988,
      0.8161658,
      -0.57467562,
      -0.060177479,
      2.7073574,
      0.0,
      0.0,
      0.0,
      1.0
    ],
    "5": [
      -0.575719,
      -0.81764764,
      -8.3202173e-10,
      0.25349998,
      -0.04920397,
      0.034645315,
      -0.99818766,
      -0.016999988,
      0.8161658,
      -0.57467562,
      -0.060177479,
      2.7073574,
      0.0,
      0.0,
      0.0,
      1.0
    ],
    "6": [
      -0.575719,
      -0.81764764,
      -8.3202173e-10,
      0.25349998,
      -0.04920397,
      0.034645315,
      -0.99818766,
      -0.016999988,
      0.8161658,
      -0.57467562,
      -0.060177479,
      2.7073574,
      0.0,
      0.0,
      0.0,
      1.0
    ],
    "7": [
      -0.575719,
      -0.81764764,
      -8.3202173e-10,
      0.25349998,
      -0.04920397,
      0.034645315,
      -0.99818766,
      -0.016999988,
      0.8161658,
      -0.57467562,
      -0.060177479,
      2.7073574,
      0.0,
      0.0,
      0.0,
      1.0
    ],
    "8": [
      -0.575719,
      -0.81764764,
      -8.3202173e-10,
      0.25349998,
      -0.04920397,
      0.034645315,
      -0.99818766,
      -0.016999988,
      0.8161658,
      -0.57467562,
      -0.060177479,
      2.7073574,
      0.0,
      0.0,
      0.0,
      1.0
    ],
    "9": [
      -0.575719,
      -0.81764764,
      -8.3202173e-10,
      0.25349998,
      -0.04920397,
      0.034645315,
      -0.99818766,
      -0.016999988,
      0.8161658,
      -0.57467562,
      -0.060177479,
      2.7073574,
      0.0,
      0.0,
      0.0,
      1.0
    ],
    "10": [
      -0.575719,
      -0.81764764,
      -8.3202173e-10,
      0.25349998,
      -0.04920397,
      0.034645315,
      -0.99818766,
      -0.016999988,
      0.8161658,
      -0.57467562,
      -0.060177479,
      2.7073574,
      0.0,
      0.0,
      0.0,
      1.0
    ],
    "11": [
      -0.575719,
      -0.81764764,
      -8.3202173e-10,
      0.25349998,
      -0.04920397,
      0.034645315,
      -0.99818766,
      -0.016999988,
      0.8161658,
      -0.57467562,
      -0.060177479,
      2.7073574,
      0.0,
      0.0,
      0.0,
      1.0
    ],
    "12": [
      -0.575719,
      -0.81764764,
      -8.3202173e-10,
      0.25349998,
      -0.04920397,
      0.034645315,
      -0.99818766,
      -0.016999988,
      0.8161658,
      -0.57467562,
      -0.060177479,
      2.7073574,
      0.0,
      0.0,
      0.0,
      1.0
    ],
    "13": [
      -0.575719,
      -0.81764764,
      -8.3202173e-10,
      0.25349998,
      -0.04920397,
      0.034645315,
      -0.99818766,
      -0.016999988,
      0.8161658,
      -0.57467562,
      -0.060177479,
      2.7073574,
      0.0,
      0.0,
      0.0,
      1.0
    ],
    "14": [
      -0.575719,
      -0.81764764,
      -8.3202173e-10,
      0.25349998,
      -0.04920397,
      0.034645315,
      -0.99818766,
      -0.016999988,
      0.8161658,
      -0.57467562,
      -0.060177479,
      2.7073574,
      0.0,
      0.0,
      0.0,
      1.0
    ],
    "15": [
      -0.575719,
      -0.81764764,
      -8.3202173e-10,
      0.25349998,
      -0.04920397,
      0.034645315,
      -0.99818766,
      -0.016999988,
      0.8161658,
      -0.57467562,
      -0.060177479,
      2.7073574,
      0.0,
      0.0,
      0.0,
      1.0
    ],
    "16": [
      -0.575719,
      -0.81764764,
      -8.3202173e-10,
      0.25349998,
      -0.04920397,
      0.034645315,
      -0.99818766,
      -0.016999988,
      0.8161658,
      -0.57467562,
      -0.060177479,
      2.7073574,
      0.0,
      0.0,
      0.0,
      1.0
    ],
    "17": [
      -0.575719,
      -0.81764764,
      -8.3202173e-10,
      0.25349998,
      -0.04920397,
      0.034645315,
      -0.99818766,
      -0.016999988,
      0.8161658,
      -0.57467562,
      -0.060177479,
      2.7073574,
      0.0,
      0.0,
      0.0,
      1.0
    ],
    "18": [
      -0.575719,
      -0.81764764,
      -8.3202173e-10,
      0.25349998,
      -0.04920397,
      0.034645315,
      -0.99818766,
      -0.016999988,
      0.8161658,
      -0.57467562,
      -0.060177479,
      2.7073574,
      0.0,
      0.0,
      0.0,
      1.0
    ],
    "19": [
      -0.575719,
      -0.81764764,
      -8.3202173e-10,
      0.25349998,
      -0.04920397,
      0.034645315,
      -0.99818766,
      -0.016999988,
      0.8161658,
      -0.57467562,
      -0.060177479,
      2.7073574,
      0.0,
      0.0,
      0.0,
      1.0
    ],
    "20": [
      -0.575719,
      -0.81764764,
      -8.3202173e-10,
      0.25349998,
      -0.04920397,
      0.034645315,
      -0.99818766,
      -0.016999988,
      0.8161658,
      -0.57467562,
      -0.060177479,
      2.7073574,
      0.0,
      0.0,
      0.0,
      1.0
    ],
    "21": [
      -0.575719,
      -0.81764764,
      -8.3202173e-10,
      0.25349998,
      -0.04920397,
      0.034645315,
      -0.99818766,
      -0.016999988,
      0.8161658,
      -0.57467562,
      -0.060177479,
      2.7073574,
      0.0,
      0.0,
      0.0,
      1.0
    ],
    "22": [
      -0.575719,
      -0.81764764,
      -8.3202173e-10,
      0.25349998,
      -0.04920397,
      0.034645315,
      -0.99818766,
      -0.016999988,
      0.8161658,
      -0.57467562,
      -0.060177479,
      2.7073574,
      0.0,
      0.0,
      0.0,
      1.0
    ],
    "23": [
      -0.575719,
      -0.81764764,
      -8.3202173e-10,
      0.25349998,
      -0.04920397,
      0.034645315,
      -0.99818766,
      -0.016999988,
      0.8161658,
      -0.57467562,
      -0.060177479,
      2.7073574,
      0.0,
      0.0,
      0.0,
      1.0
    ],
    "24": [
      -0.575719,
      -0.81764764,
      -8.3202173e-10,
      0.25349998,
      -0.04920397,
      0.034645315,
      -0.99818766,
      -0.016999988,
      0.8161658,
      -0.57467562,
      -0.060177479,
      2.7073574,
      0.0,
      0.0,
      0.0,
      1.0
    ],
    "25": [
      -0.575719,
      -0.81764764,
      -8.3202173e-10,
      0.25349998,
      -0.04920397,
      0.034645315,
      -0.99818766,
      -0.016999988,
      0.8161658,
      -0.57467562,
      -0.060177479,
      2.7073574,
      0.0,
      0.0,
      0.0,
      1.0
    ],
    "26": [
      -0.575719,
      -0.81764764,
      -8.3202173e-10,
      0.25349998,
      -0.04920397,
      0.034645315,
      -0.99818766,
      -0.016999988,
      0.8161658,
      -0.57467562,
      -0.060177479,
      2.7073574,
      0.0,
      0.0,
      0.0,
      1.0
    ],
    "27": [
      -0.575719,
      -0.81764764,
      -8.3202173e-10,
      0.25349998,
      -0.04920397,
      0.034645315,
      -0.99818766,
      -0.016999988,
      0.8161658,
      -0.57467562,
      -0.060177479,
      2.7073574,
      0.0,
      0.0,
      0.0,
      1.0
    ],
    "28": [
      -0.575719,
      -0.81764764,
      -8.3202173e-10,
      0.25349998,
      -0.04920397,
      0.034645315,
      -0.99818766,
      -0.016999988,
      0.8161658,
      -0.57467562,
      -0.060177479,
      2.7073574,
      0.0,
      0.0,
      0.0,
      1.0
    ],
    "29": [
      -0.575719,
      -0.81764764,
      -8.3202173e-10,
      0.25349998,
      -0.04920397,
      0.034645315,
      -0.99818766,
      -0.016999988,
      0.8161658,
      -0.57467562,
      -0.060177479,
      2.7073574,
      0.0,
      0.0,
      0.0,
      1.0
    ],
    "30": [
      -0.575719,
      -0.81764764,
      -8.3202173e-10,
      0.25349998,
      -0.04920397,
      0.034645315,
      -0.99818766,
      -0.016999988,
      0.8161658,
      -0.57467562,
      -0.060177479,
      2.7073574,
      0.0,
      0.0,
      0.0,
      1.0
    ],
    "31": [
      -0.575719,
      -0.81764764,
      -8.3202173e-10,
      0.25349998,
      -0.04920397,
      0.034645315,
      -0.99818766,
      -0.016999988,
      0.8161658,
      -0.57467562,
      -0.060177479,
      2.7073574,
      0.0,
      0.0,
      0.0,
      1.0
    ],
    "32": [
      -0.575719,
      -0.81764764,
      -8.3202173e-10,
      0.25349998,
      -0.04920397,
      0.034645315,
      -0.99818766,
      -0.016999988,
      0.8161658,
      -0.57467562,
      -0.060177479,
      2.7073574,
      0.0,
      0.0,
      0.0,
      1.0
    ],
    "33": [
      -0.575719,
      -0.81764764,
      -8.3202173e-10,
      0.25349998,
      -0.04920397,
      0.034645315,
      -0.99818766,
      -0.016999988,
      0.8161658,
      -0.57467562,
      -0.060177479,
      2.7073574,
      0.0,
      0.0,
      0.0,
      1.0
    ],
    "34": [
      -0.575719,
      -0.81764764,
      -8.3202173e-10,
      0.25349998,
      -0.04920397,
      0.034645315,
      -0.99818766,
      -0.016999988,
      0.8161658,
      -0.57467562,
      -0.060177479,
      2.7073574,
      0.0,
      0.0,
      0.0,
      1.0
    ],
    "35": [
      -0.575719,
      -0.81764764,
      -8.3202173e-10,
      0.25349998,
      -0.04920397,
      0.034645315,
      -0.99818766,
      -0.016999988,
      0.8161658,
      -0.57467562,
      -0.060177479,
      2.7073574,
      0.0,
      0.0,
      0.0,
      1.0
    ],
    "36": [
      -0.575719,
      -0.81764764,
      -8.3202173e-10,
      0.25349998,
      -0.04920397,
      0.034645315,
      -0.99818766,
      -0.016999988,
      0.8161658,
      -0.57467562,
      -0.060177479,
      2.7073574,
      0.0,
      0.0,
      0.0,
      1.0
    ],
    "37": [
      -0.575719,
      -0.81764764,
      -8.3202173e-10,
      0.25349998,
      -0.04920397,
      0.034645315,
      -0.99818766,
      -0.016999988,
      0.8161658,
      -0.57467562,
      -0.060177479,
      2.7073574,
      0.0,
      0.0,
      0.0,
      1.0
    ],
    "38": [
      -0.575719,
      -0.81764764,
      -8.3202173e-10,
      0.25349998,
      -0.04920397,
      0.034645315,
      -0.99818766,
      -0.016999988,
      0.8161658,
      -0.57467562,
      -0.060177479,
      2.7073574,
      0.0,
      0.0,
      0.0,
      1.0
    ],
    "39": [
      -0.575719,
      -0.81764764,
      -8.3202173e-10,
      0.25349998,
      -0.04920397,
      0.034645315,
      -0.99818766,
      -0.016999988,
      0.8161658,
      -0.57467562,
      -0.060177479,
      2.7073574,
      0.0,
      0.0,
      0.0,
      1.0
    ],
    "40": [
      -0.575719,
      -0.81764764,
      -8.3202173e-10,
      0.25349998,
      -0.04920397,
      0.034645315,
      -0.99818766,
      -0.016999988,
      0.8161658,
      -0.57467562,
      -0.060177479,
      2.7073574,
      0.0,
      0.0,
      0.0,
      1.0
    ],
    "41": [
      -0.575719,
      -0.81764764,
      -8.3202173e-10,
      0.25349998,
      -0.04920397,
      0.034645315,
      -0.99818766,
      -0.016999988,
      0.8161658,
      -0.57467562,
      -0.060177479,
      2.7073574,
      0.0,
      0.0,
      0.0,
      1.0
    ],
    "42": [
      -0.575719,
      -0.81764764,
      -8.3202173e-10,
      0.25349998,
      -0.04920397,
      0.034645315,
      -0.99818766,
      -0.016999988,
      0.8161658,
      -0.57467562,
      -0.060177479,
      2.7073574,
      0.0,
      0.0,
      0.0,
      1.0
    ],
    "43": [
      -0.575719,
      -0.81764764,
      -8.3202173e-10,
      0.25349998,
      -0.04920397,
      0.034645315,
      -0.99818766,
      -0.016999988,
      0.8161658,
      -0.57467562,
      -0.060177479,
      2.7073574,
      0.0,
      0.0,
      0.0,
      1.0
    ],
    "44": [
      -0.575719,
      -0.81764764,
      -8.3202173e-10,
      0.25349998,
      -0.04920397,
      0.034645315,
      -0.99818766,
      -0.016999988,
      0.8161658,
      -0.57467562,
      -0.060177479,
      2.7073574,
      0.0,
      0.0,
      0.0,
      1.0
    ],
    "45": [
      -0.575719,
      -0.81764764,
      -8.3202173e-10,
      0.25349998,
      -0.04920397,
      0.034645315,
      -0.99818766,
      -0.016999988,
      0.8161658,
      -0.57467562,
      -0.060177479,
      2.7073574,
      0.0,
      0.0,
      0.0,
      1.0
    ],
    "46": [
      -0.575719,
      -0.81764764,
      -8.3202173e-10,
      0.25349998,
      -0.04920397,
      0.034645315,
      -0.99818766,
      -0.016999988,
      0.8161658,
      -0.57467562,
      -0.060177479,
      2.7073574,
      0.0,
      0.0,
      0.0,
      1.0
    ],
    "47": [
      -0.575719,
      -0.81764764,
      -8.3202173e-10,
      0.25349998,
      -0.04920397,
      0.034645315,
      -0.99818766,
      -0.016999988,
      0.8161658,
      -0.57467562,
      -0.060177479,
      2.7073574,
      0.0,
      0.0,
      0.0,
      1.0
    ],
    "48": [
      -0.575719,
      -0.81764764,
      -8.3202173e-10,
      0.25349998,
      -0.04920397,
      0.034645315,
      -0.99818766,
      -0.016999988,
      0.8161658,
      -0.57467562,
      -0.060177479,
      2.7073574,
      0.0,
      0.0,
      0.0,
      1.0
    ],
    "49": [
      -0.575719,
      -0.81764764,
      -8.3202173e-10,
      0.25349998,
      -0.04920397,
      0.034645315,
      -0.99818766,
      -0.016999988,
      0.8161658,
      -0.57467562,
      -0.060177479,
      2.7073574,
      0.0,
      0.0,
      0.0,
      1.0
    ],
    "50": [
      -0.575719,
      -0.81764764,
      -8.3202173e-10,
      0.25349998,
      -0.04920397,
      0.034645315,
      -0.99818766,
      -0.016999988,
      0.8161658,
      -0.57467562,
      -0.060177479,
      2.7073574,
      0.0,
      0.0,
      0.0,
      1.0
    ],
    "51": [
      -0.575719,
      -0.81764764,
      -8.3202173e-10,
      0.25349998,
      -0.04920397,
      0.034645315,
      -0.99818766,
      -0.016999988,
      0.8161658,
      -0.57467562,
      -0.060177479,
      2.7073574,
      0.0,
      0.0,
      0.0,
      1.0
    ],
    "52": [
      -0.575719,
      -0.81764764,
      -8.3202173e-10,
      0.25349998,
      -0.04920397,
      0.034645315,
      -0.99818766,
      -0.016999988,
      0.8161658,
      -0.57467562,
      -0.060177479,
      2.7073574,
      0.0,
      0.0,
      0.0,
      1.0
    ],
    "53": [
      -0.575719,
      -0.81764764,
      -8.3202173e-10,
      0.25349998,
      -0.04920397,
      0.034645315,
      -0.99818766,
      -0.016999988,
      0.8161658,
      -0.57467562,
      -0.060177479,
      2.7073574,
      0.0,
      0.0,
      0.0,
      1.0
    ],
    "54": [
      -0.575719,
      -0.81764764,
      -8.3202173e-10,
      0.25349998,
      -0.04920397,
      0.034645315,
      -0.99818766,
      -0.016999988,
      0.8161658,
      -0.57467562,
      -0.060177479,
      2.7073574,
      0.0,
      0.0,
      0.0,
      1.0
    ],
    "55": [
      -0.575719,
      -0.81764764,
      -8.3202173e-10,
      0.25349998,
      -0.04920397,
      0.034645315,
      -0.99818766,
      -0.016999988,
      0.8161658,
      -0.57467562,
      -0.060177479,
      2.7073574,
      0.0,
      0.0,
      0.0,
      1.0
    ],
    "56": [
      -0.575719,
      -0.81764764,
      -8.3202173e-10,
      0.25349998,
      -0.04920397,
      0.034645315,
      -0.99818766,
      -0.016999988,
      0.8161658,
      -0.57467562,
      -0.060177479,
      2.7073574,
      0.0,
      0.0,
      0.0,
      1.0
    ],
    "57": [
      -0.575719,
      -0.81764764,
      -8.3202173e-10,
      0.25349998,
      -0.04920397,
      0.034645315,
      -0.99818766,
      -0.016999988,
      0.8161658,
      -0.57467562,
      -0.060177479,
      2.7073574,
      0.0,
      0.0,
      0.0,
      1.0
    ],
    "58": [
      -0.575719,
      -0.81764764,
      -8.3202173e-10,
      0.25349998,
      -0.04920397,
      0.034645315,
      -0.99818766,
      -0.016999988,
      0.8161658,
      -0.57467562,
      -0.060177479,
      2.7073574,
      0.0,
      0.0,
      0.0,
      1.0
    ],
    "59": [
      -0.575719,
      -0.81764764,
      -8.3202173e-10,
      0.25349998,
      -0.04920397,
      0.034645315,
      -0.99818766,
      -0.016999988,
      0.8161658,
      -0.57467562,
      -0.060177479,
      2.7073574,
      0.0,
      0.0,
      0.0,
      1.0
    ],
    "60": [
      -0.575719,
      -0.81764764,
      -8.3202173e-10,
      0.25349998,
      -0.04920397,
      0.034645315,
      -0.99818766,
      -0.016999988,
      0.8161658,
      -0.57467562,
      -0.060177479,
      2.7073574,
      0.0,
      0.0,
      0.0,
      1.0
    ],
    "61": [
      -0.575719,
      -0.81764764,
      -8.3202173e-10,
      0.25349998,
      -0.04920397,
      0.034645315,
      -0.99818766,
      -0.016999988,
      0.8161658,
      -0.57467562,
      -0.060177479,
      2.7073574,
      0.0,
      0.0,
      0.0,
      1.0
    ],
    "62": [
      -0.575719,
      -0.81764764,
      -8.3202173e-10,
      0.25349998,
      -0.04920397,
      0.034645315,
      -0.99818766,
      -0.016999988,
      0.8161658,
      -0.57467562,
      -0.060177479,
      2.7073574,
      0.0,
      0.0,
      0.0,
      1.0
    ],
    "63": [
      -0.575719,
      -0.81764764,
      -8.3202173e-10,
      0.25349998,
      -0.04920397,
      0.034645315,
      -0.99818766,
      -0.016999988,
      0.8161658,
      -0.57467562,
      -0.060177479,
      2.7073574,
      0.0,
      0.0,
      0.0,
      1.0
    ],
    "64": [
      -0.575719,
      -0.81764764,
      -8.3202173e-10,
      0.25349998,
      -0.04920397,
      0.034645315,
      -0.99818766,
      -0.016999988,
      0.8161658,
      -0.57467562,
      -0.060177479,
      2.7073574,
      0.0,
      0.0,
      0.0,
      1.0
    ],
    "65": [
      -0.575719,
      -0.81764764,
      -8.3202173e-10,
      0.25349998,
      -0.04920397,
      0.034645315,
      -0.99818766,
      -0.016999988,
      0.8161658,
      -0.57467562,
      -0.060177479,
      2.7073574,
      0.0,
      0.0,
      0.0,
      1.0
    ],
    "66": [
      -0.575719,
      -0.81764764,
      -8.3202173e-10,
      0.25349998,
      -0.04920397,
      0.034645315,
      -0.99818766,
      -0.016999988,
      0.8161658,
      -0.57467562,
      -0.060177479,
      2.7073574,
      0.0,
      0.0,
      0.0,
      1.0
    ],
    "67": [
      -0.575719,
      -0.81764764,
      -8.3202173e-10,
      0.25349998,
      -0.04920397,
      0.034645315,
      -0.99818766,
      -0.016999988,
      0.8161658,
      -0.57467562,
      -0.060177479,
      2.7073574,
      0.0,
      0.0,
      0.0,
      1.0
    ],
    "68": [
      -0.575719,
      -0.81764764,
      -8.3202173e-10,
      0.25349998,
      -0.04920397,
      0.034645315,
      -0.99818766,
      -0.016999988,
      0.8161658,
      -0.57467562,
      -0.060177479,
      2.7073574,
      0.0,
      0.0,
      0.0,
      1.0
    ],
    "69": [
      -0.575719,
      -0.81764764,
      -8.3202173e-10,
      0.25349998,
      -0.04920397,
      0.034645315,
      -0.99818766,
      -0.016999988,
      0.8161658,
      -0.57467562,
      -0.060177479,
      2.7073574,
      0.0,
      0.0,
      0.0,
      1.0
    ],
    "70": [
      -0.575719,
      -0.81764764,
      -8.3202173e-10,
      0.25349998,
      -0.04920397,
      0.034645315,
      -0.99818766,
      -0.016999988,
      0.8161658,
      -0.57467562,
      -0.060177479,
      2.7073574,
      0.0,
      0.0,
      0.0,
      1.0
    ],
    "71": [
      -0.575719,
      -0.81764764,
      -8.3202173e-10,
      0.25349998,
      -0.04920397,
      0.034645315,
      -0.99818766,
      -0.016999988,
      0.8161658,
      -0.57467562,
      -0.060177479,
      2.7073574,
      0.0,
      0.0,
      0.0,
      1.0
    ],
    "72": [
      -0.575719,
      -0.81764764,
      -8.3202173e-10,
      0.25349998,
      -0.04920397,
      0.034645315,
      -0.99818766,
      -0.016999988,
      0.8161658,
      -0.57467562,
      -0.060177479,
      2.7073574,
      0.0,
      0.0,
      0.0,
      1.0
    ],
    "73": [
      -0.575719,
      -0.81764764,
      -8.3202173e-10,
      0.25349998,
      -0.04920397,
      0.034645315,
      -0.99818766,
      -0.016999988,
      0.8161658,
      -0.57467562,
      -0.060177479,
      2.7073574,
      0.0,
      0.0,
      0.0,
      1.0
    ],
    "74": [
      -0.575719,
      -0.81764764,
      -8.3202173e-10,
      0.25349998,
      -0.04920397,
      0.034645315,
      -0.99818766,
      -0.016999988,
      0.8161658,
      -0.57467562,
      -0.060177479,
      2.7073574,
      0.0,
      0.0,
      0.0,
      1.0
    ],
    "75": [
      -0.575719,
      -0.81764764,
      -8.3202173e-10,
      0.25349998,
      -0.04920397,
      0.034645315,
      -0.99818766,
      -0.016999988,
      0.8161658,
      -0.57467562,
      -0.060177479,
      2.7073574,
      0.0,
      0.0,
      0.0,
      1.0
    ],
    "76": [
      -0.575719,
      -0.81764764,
      -8.3202173e-10,
      0.25349998,
      -0.04920397,
      0.034645315,
      -0.99818766,
      -0.016999988,
      0.8161658,
      -0.57467562,
      -0.060177479,
      2.7073574,
      0.0,
      0.0,
      0.0,
      1.0
    ],
    "77": [
      -0.575719,
      -0.81764764,
      -8.3202173e-10,
      0.25349998,
      -0.04920397,
      0.034645315,
      -0.99818766,
      -0.016999988,
      0.8161658,
      -0.57467562,
      -0.060177479,
      2.7073574,
      0.0,
      0.0,
      0.0,
      1.0
    ],
    "78": [
      -0.575719,
      -0.81764764,
      -8.3202173e-10,
      0.25349998,
      -0.04920397,
      0.034645315,
      -0.99818766,
      -0.016999988,
      0.8161658,
      -0.57467562,
      -0.060177479,
      2.7073574,
      0.0,
      0.0,
      0.0,
      1.0
    ],
    "79": [
      -0.575719,
      -0.81764764,
      -8.3202173e-10,
      0.25349998,
      -0.04920397,
      0.034645315,
      -0.99818766,
      -0.016999988,
      0.8161658,
      -0.57467562,
      -0.060177479,
      2.7073574,
      0.0,
      0.0,
      0.0,
      1.0
    ],
    "80": [
      -0.575719,
      -0.81764764,
      -8.3202173e-10,
      0.25349998,
      -0.04920397,
      0.034645315,
      -0.99818766,
      -0.016999988,
      0.8161658,
      -0.57467562,
      -0.060177479,
      2.7073574,
      0.0,
      0.0,
      0.0,
      1.0
    ],
    "81": [
      -0.575719,
      -0.81764764,
      -8.3202173e-10,
      0.25349998,
      -0.04920397,
      0.034645315,
      -0.99818766,
      -0.016999988,
      0.8161658,
      -0.57467562,
      -0.060177479,
      2.7073574,
      0.0,
      0.0,
      0.0,
      1.0
    ],
    "82": [
      -0.575719,
      -0.81764764,
      -8.3202173e-10,
      0.25349998,
      -0.04920397,
      0.034645315,
      -0.99818766,
      -0.016999988,
      0.8161658,
      -0.57467562,
      -0.060177479,
      2.7073574,
      0.0,
      0.0,
      0.0,
      1.0
    ],
    "83": [
      -0.575719,
      -0.81764764,
      -8.3202173e-10,
      0.25349998,
      -0.04920397,
      0.034645315,
      -0.99818766,
      -0.016999988,
      0.8161658,
      -0.57467562,
      -0.060177479,
      2.7073574,
      0.0,
      0.0,
      0.0,
      1.0
    ],
    "84": [
      -0.575719,
      -0.81764764,
      -8.3202173e-10,
      0.25349998,
      -0.04920397,
      0.034645315,
      -0.99818766,
      -0.016999988,
      0.8161658,
      -0.57467562,
      -0.060177479,
      2.7073574,
      0.0,
      0.0,
      0.0,
      1.0
    ],
    "85": [
      -0.575719,
      -0.81764764,
      -8.3202173e-10,
      0.25349998,
      -0.04920397,
      0.034645315,
      -0.99818766,
      -0.016999988,
      0.8161658,
      -0.57467562,
      -0.060177479,
      2.7073574,
      0.0,
      0.0,
      0.0,
      1.0
    ],
    "86": [
      -0.575719,
      -0.81764764,
      -8.3202173e-10,
      0.25349998,
      -0.04920397,
      0.034645315,
      -0.99818766,
      -0.016999988,
      0.8161658,
      -0.57467562,
      -0.060177479,
      2.7073574,
      0.0,
      0.0,
      0.0,
      1.0
    ],
    "87": [
      -0.575719,
      -0.81764764,
      -8.3202173e-10,
      0.25349998,
      -0.04920397,
      0.034645315,
      -0.99818766,
      -0.016999988,
      0.8161658,
      -0.57467562,
      -0.060177479,
      2.7073574,
      0.0,
      0.0,
      0.0,
      1.0
    ],
    "88": [
      -0.575719,
      -0.81764764,
      -8.3202173e-10,
      0.25349998,
      -0.04920397,
      0.034645315,
      -0.99818766,
      -0.016999988,
      0.8161658,
      -0.57467562,
      -0.060177479,
      2.7073574,
      0.0,
      0.0,
      0.0,
      1.0
    ],
    "89": [
      -0.575719,
      -0.81764764,
      -8.3202173e-10,
      0.25349998,
      -0.04920397,
      0.034645315,
      -0.99818766,
      -0.016999988,
      0.8161658,
      -0.57467562,
      -0.060177479,
      2.7073574,
      0.0,
      0.0,
      0.0,
      1.0
    ],
    "90": [
      -0.575719,
      -0.81764764,
      -8.3202173e-10,
      0.25349998,
      -0.04920397,
      0.034645315,
      -0.99818766,
      -0.016999988,
      0.8161658,
      -0.57467562,
      -0.060177479,
      2.7073574,
      0.0,
      0.0,
      0.0,
      1.0
    ],
    "91": [
      -0.575719,
      -0.81764764,
      -8.3202173e-10,
      0.25349998,
      -0.04920397,
      0.034645315,
      -0.99818766,
      -0.016999988,
      0.8161658,
      -0.57467562,
      -0.060177479,
      2.7073574,
      0.0,
      0.0,
      0.0,
      1.0
    ],
    "92": [
      -0.575719,
      -0.81764764,
      -8.3202173e-10,
      0.25349998,
      -0.04920397,
      0.034645315,
      -0.99818766,
      -0.016999988,
      0.8161658,
      -0.57467562,
      -0.060177479,
      2.7073574,
      0.0,
      0.0,
      0.0,
      1.0
    ],
    "93": [
      -0.575719,
      -0.81764764,
      -8.3202173e-10,
      0.25349998,
      -0.04920397,
      0.034645315,
      -0.99818766,
      -0.016999988,
      0.8161658,
      -0.57467562,
      -0.060177479,
      2.7073574,
      0.0,
      0.0,
      0.0,
      1.0
    ],
    "94": [
      -0.575719,
      -0.81764764,
      -8.3202173e-10,
      0.25349998,
      -0.04920397,
      0.034645315,
      -0.99818766,
      -0.016999988,
      0.8161658,
      -0.57467562,
      -0.060177479,
      2.7073574,
      0.0,
      0.0,
      0.0,
      1.0
    ],
    "95": [
      -0.575719,
      -0.81764764,
      -8.3202173e-10,
      0.25349998,
      -0.04920397,
      0.034645315,
      -0.99818766,
      -0.016999988,
      0.8161658,
      -0.57467562,
      -0.060177479,
      2.7073574,
      0.0,
      0.0,
      0.0,
      1.0
    ],
    "96": [
      -0.575719,
      -0.81764764,
      -8.3202173e-10,
      0.25349998,
      -0.04920397,
      0.034645315,
      -0.99818766,
      -0.016999988,
      0.8161658,
      -0.57467562,
      -0.060177479,
      2.7073574,
      0.0,
      0.0,
      0.0,
      1.0
    ],
    "97": [
      -0.575719,
      -0.81764764,
      -8.3202173e-10,
      0.25349998,
      -0.04920397,
      0.034645315,
      -0.99818766,
      -0.016999988,
      0.8161658,
      -0.57467562,
      -0.060177479,
      2.7073574,
      0.0,
      0.0,
      0.0,
      1.0
    ],
    "98": [
      -0.575719,
      -0.81764764,
      -8.3202173e-10,
      0.25349998,
      -0.04920397,
      0.034645315,
      -0.99818766,
      -0.016999988,
      0.8161658,
      -0.57467562,
      -0.060177479,
      2.7073574,
      0.0,
      0.0,
      0.0,
      1.0
    ],
    "99": [
      -0.575719,
      -0.81764764,
      -8.3202173e-10,
      0.25349998,
      -0.04920397,
      0.034645315,
      -0.99818766,
      -0.016999988,
      0.8161658,
      -0.57467562,
      -0.060177479,
      2.7073574,
      0.0,
      0.0,
      0.0,
      1.0
    ],
    "100": [
      -0.575719,
      -0.81764764,
      -8.3202173e-10,
      0.25349998,
      -0.04920397,
      0.034645315,
      -0.99818766,
      -0.016999988,
      0.8161658,
      -0.57467562,
      -0.060177479,
      2.7073574,
      0.0,
      0.0,
      0.0,
      1.0
    ],
    "101": [
      -0.575719,
      -0.81764764,
      -8.3202173e-10,
      0.25349998,
      -0.04920397,
      0.034645315,
      -0.99818766,
      -0.016999988,
      0.8161658,
      -0.57467562,
      -0.060177479,
      2.7073574,
      0.0,
      0.0,
      0.0,
      1.0
    ],
    "102": [
      -0.575719,
      -0.81764764,
      -8.3202173e-10,
      0.25349998,
      -0.04920397,
      0.034645315,
      -0.99818766,
      -0.016999988,
      0.8161658,
      -0.57467562,
      -0.060177479,
      2.7073574,
      0.0,
      0.0,
      0.0,
      1.0
    ],
    "103": [
      -0.575719,
      -0.81764764,
      -8.3202173e-10,
      0.25349998,
      -0.04920397,
      0.034645315,
      -0.99818766,
      -0.016999988,
      0.8161658,
      -0.57467562,
      -0.060177479,
      2.7073574,
      0.0,
      0.0,
      0.0,
      1.0
    ],
    "104": [
      -0.575719,
      -0.81764764,
      -8.3202173e-10,
      0.25349998,
      -0.04920397,
      0.034645315,
      -0.99818766,
      -0.016999988,
      0.8161658,
      -0.57467562,
      -0.060177479,
      2.7073574,
      0.0,
      0.0,
      0.0,
      1.0
    ],
    "105": [
      -0.575719,
      -0.81764764,
      -8.3202173e-10,
      0.25349998,
      -0.04920397,
      0.034645315,
      -0.99818766,
      -0.016999988,
      0.8161658,
      -0.57467562,
      -0.060177479,
      2.7073574,
      0.0,
      0.0,
      0.0,
      1.0
    ],
    "106": [
      -0.575719,
      -0.81764764,
      -8.3202173e-10,
      0.25349998,
      -0.04920397,
      0.034645315,
      -0.99818766,
      -0.016999988,
      0.8161658,
      -0.57467562,
      -0.060177479,
      2.7073574,
      0.0,
      0.0,
      0.0,
      1.0
    ],
    "107": [
      -0.575719,
      -0.81764764,
      -8.3202173e-10,
      0.25349998,
      -0.04920397,
      0.034645315,
      -0.99818766,
      -0.016999988,
      0.8161658,
      -0.57467562,
      -0.060177479,
      2.7073574,
      0.0,
      0.0,
      0.0,
      1.0
    ],
    "108": [
      -0.575719,
      -0.81764764,
      -8.3202173e-10,
      0.25349998,
      -0.04920397,
      0.034645315,
      -0.99818766,
      -0.016999988,
      0.8161658,
      -0.57467562,
      -0.060177479,
      2.7073574,
      0.0,
      0.0,
      0.0,
      1.0
    ],
    "109": [
      -0.575719,
      -0.81764764,
      -8.3202173e-10,
      0.25349998,
      -0.04920397,
      0.034645315,
      -0.99818766,
      -0.016999988,
      0.8161658,
      -0.57467562,
      -0.060177479,
      2.7073574,
      0.0,
      0.0,
      0.0,
      1.0
    ],
    "110": [
      -0.575719,
      -0.81764764,
      -8.3202173e-10,
      0.25349998,
      -0.04920397,
      0.034645315,
      -0.99818766,
      -0.016999988,
      0.8161658,
      -0.57467562,
      -0.060177479,
      2.7073574,
      0.0,
      0.0,
      0.0,
      1.0
    ],
    "111": [
      -0.575719,
      -0.81764764,
      -8.3202173e-10,
      0.25349998,
      -0.04920397,
      0.034645315,
      -0.99818766,
      -0.016999988,
      0.8161658,
      -0.57467562,
      -0.060177479,
      2.7073574,
      0.0,
      0.0,
      0.0,
      1.0
    ],
    "112": [
      -0.575719,
      -0.81764764,
      -8.3202173e-10,
      0.25349998,
      -0.04920397,
      0.034645315,
      -0.99818766,
      -0.016999988,
      0.8161658,
      -0.57467562,
      -0.060177479,
      2.7073574,
      0.0,
      0.0,
      0.0,
      1.0
    ],
    "113": [
      -0.575719,
      -0.81764764,
      -8.3202173e-10,
      0.25349998,
      -0.04920397,
      0.034645315,
      -0.99818766,
      -0.016999988,
      0.8161658,
      -0.57467562,
      -0.060177479,
      2.7073574,
      0.0,
      0.0,
      0.0,
      1.0
    ],
    "114": [
      -0.575719,
      -0.81764764,
      -8.3202173e-10,
      0.25349998,
      -0.04920397,
      0.034645315,
      -0.99818766,
      -0.016999988,
      0.8161658,
      -0.57467562,
      -0.060177479,
      2.7073574,
      0.0,
      0.0,
      0.0,
      1.0
    ],
    "115": [
      -0.575719,
      -0.81764764,
      -8.3202173e-10,
      0.25349998,
      -0.04920397,
      0.034645315,
      -0.99818766,
      -0.016999988,
      0.8161658,
      -0.57467562,
      -0.060177479,
      2.7073574,
      0.0,
      0.0,
      0.0,
      1.0
    ],
    "116": [
      -0.575719,
      -0.81764764,
      -8.3202173e-10,
      0.25349998,
      -0.04920397,
      0.034645315,
      -0.99818766,
      -0.016999988,
      0.8161658,
      -0.57467562,
      -0.060177479,
      2.7073574,
      0.0,
      0.0,
      0.0,
      1.0
    ],
    "117": [
      -0.575719,
      -0.81764764,
      -8.3202173e-10,
      0.25349998,
      -0.04920397,
      0.034645315,
      -0.99818766,
      -0.016999988,
      0.8161658,
      -0.57467562,
      -0.060177479,
      2.7073574,
      0.0,
      0.0,
      0.0,
      1.0
    ],
    "118": [
      -0.575719,
      -0.81764764,
      -8.3202173e-10,
      0.25349998,
      -0.04920397,
      0.034645315,
      -0.99818766,
      -0.016999988,
      0.8161658,
      -0.57467562,
      -0.060177479,
      2.7073574,
      0.0,
      0.0,
      0.0,
      1.0
    ],
    "119": [
      -0.575719,
      -0.81764764,
      -8.3202173e-10,
      0.25349998,
      -0.04920397,
      0.034645315,
      -0.99818766,
      -0.016999988,
      0.8161658,
      -0.57467562,
      -0.060177479,
      2.7073574,
      0.0,
      0.0,
      0.0,
      1.0
    ],
    "120": [
      -0.575719,
      -0.81764764,
      -8.3202173e-10,
      0.25349998,
      -0.04920397,
      0.034645315,
      -0.99818766,
      -0.016999988,
      0.8161658,
      -0.57467562,
      -0.060177479,
      2.7073574,
      0.0,
      0.0,
      0.0,
      1.0
    ],
    "121": [
      -0.575719,
      -0.81764764,
      -8.3202173e-10,
      0.25349998,
      -0.04920397,
      0.034645315,
      -0.99818766,
      -0.016999988,
      0.8161658,
      -0.57467562,
      -0.060177479,
      2.7073574,
      0.0,
      0.0,
      0.0,
      1.0
    ],
    "122": [
      -0.575719,
      -0.81764764,
      -8.3202173e-10,
      0.25349998,
      -0.04920397,
      0.034645315,
      -0.99818766,
      -0.016999988,
      0.8161658,
      -0.57467562,
      -0.060177479,
      2.7073574,
      0.0,
      0.0,
      0.0,
      1.0
    ],
    "123": [
      -0.575719,
      -0.81764764,
      -8.3202173e-10,
      0.25349998,
      -0.04920397,
      0.034645315,
      -0.99818766,
      -0.016999988,
      0.8161658,
      -0.57467562,
      -0.060177479,
      2.7073574,
      0.0,
      0.0,
      0.0,
      1.0
    ],
    "124": [
      -0.575719,
      -0.81764764,
      -8.3202173e-10,
      0.25349998,
      -0.04920397,
      0.034645315,
      -0.99818766,
      -0.016999988,
      0.8161658,
      -0.57467562,
      -0.060177479,
      2.7073574,
      0.0,
      0.0,
      0.0,
      1.0
    ],
    "125": [
      -0.575719,
      -0.81764764,
      -8.3202173e-10,
      0.25349998,
      -0.04920397,
      0.034645315,
      -0.99818766,
      -0.016999988,
      0.8161658,
      -0.57467562,
      -0.060177479,
      2.7073574,
      0.0,
      0.0,
      0.0,
      1.0
    ],
    "126": [
      -0.575719,
      -0.81764764,
      -8.3202173e-10,
      0.25349998,
      -0.04920397,
      0.034645315,
      -0.99818766,
      -0.016999988,
      0.8161658,
      -0.57467562,
      -0.060177479,
      2.7073574,
      0.0,
      0.0,
      0.0,
      1.0
    ],
    "127": [
      -0.575719,
      -0.81764764,
      -8.3202173e-10,
      0.25349998,
      -0.04920397,
      0.034645315,
      -0.99818766,
      -0.016999988,
      0.8161658,
      -0.57467562,
      -0.060177479,
      2.7073574,
      0.0,
      0.0,
      0.0,
      1.0
    ],
    "128": [
      -0.575719,
      -0.81764764,
      -8.3202173e-10,
      0.25349998,
      -0.04920397,
      0.034645315,
      -0.99818766,
      -0.016999988,
      0.8161658,
      -0.57467562,
      -0.060177479,
      2.7073574,
      0.0,
      0.0,
      0.0,
      1.0
    ],
    "129": [
      -0.575719,
      -0.81764764,
      -8.3202173e-10,
      0.25349998,
      -0.04920397,
      0.034645315,
      -0.99818766,
      -0.016999988,
      0.8161658,
      -0.57467562,
      -0.060177479,
      2.7073574,
      0.0,
      0.0,
      0.0,
      1.0
    ],
    "130": [
      -0.575719,
      -0.81764764,
      -8.3202173e-10,
      0.25349998,
      -0.04920397,
      0.034645315,
      -0.99818766,
      -0.016999988,
      0.8161658,
      -0.57467562,
      -0.060177479,
      2.7073574,
      0.0,
      0.0,
      0.0,
      1.0
    ],
    "131": [
      -0.575719,
      -0.81764764,
      -8.3202173e-10,
      0.25349998,
      -0.04920397,
      0.034645315,
      -0.99818766,
      -0.016999988,
      0.8161658,
      -0.57467562,
      -0.060177479,
      2.7073574,
      0.0,
      0.0,
      0.0,
      1.0
    ],
    "132": [
      -0.575719,
      -0.81764764,
      -8.3202173e-10,
      0.25349998,
      -0.04920397,
      0.034645315,
      -0.99818766,
      -0.016999988,
      0.8161658,
      -0.57467562,
      -0.060177479,
      2.7073574,
      0.0,
      0.0,
      0.0,
      1.0
    ],
    "133": [
      -0.575719,
      -0.81764764,
      -8.3202173e-10,
      0.25349998,
      -0.04920397,
      0.034645315,
      -0.99818766,
      -0.016999988,
      0.8161658,
      -0.57467562,
      -0.060177479,
      2.7073574,
      0.0,
      0.0,
      0.0,
      1.0
    ],
    "134": [
      -0.575719,
      -0.81764764,
      -8.3202173e-10,
      0.25349998,
      -0.04920397,
      0.034645315,
      -0.99818766,
      -0.016999988,
      0.8161658,
      -0.57467562,
      -0.060177479,
      2.7073574,
      0.0,
      0.0,
      0.0,
      1.0
    ],
    "135": [
      -0.575719,
      -0.81764764,
      -8.3202173e-10,
      0.25349998,
      -0.04920397,
      0.034645315,
      -0.99818766,
      -0.016999988,
      0.8161658,
      -0.57467562,
      -0.060177479,
      2.7073574,
      0.0,
      0.0,
      0.0,
      1.0
    ],
    "136": [
      -0.575719,
      -0.81764764,
      -8.3202173e-10,
      0.25349998,
      -0.04920397,
      0.034645315,
      -0.99818766,
      -0.016999988,
      0.8161658,
      -0.57467562,
      -0.060177479,
      2.7073574,
      0.0,
      0.0,
      0.0,
      1.0
    ],
    "137": [
      -0.575719,
      -0.81764764,
      -8.3202173e-10,
      0.25349998,
      -0.04920397,
      0.034645315,
      -0.99818766,
      -0.016999988,
      0.8161658,
      -0.57467562,
      -0.060177479,
      2.7073574,
      0.0,
      0.0,
      0.0,
      1.0
    ],
    "138": [
      -0.575719,
      -0.81764764,
      -8.3202173e-10,
      0.25349998,
      -0.04920397,
      0.034645315,
