psnr: 19.034255981445312
ssim: 0.8974408242106438
lpips: 0.137290870398283
