psnr: 18.660084648132326
ssim: 0.8916721707582473
lpips: 0.1402242862060666
