{
  "camera": {
    "width": 1920,
    "height": 1280,
    "fov": 60
  },
  "trajectory": {
    "0": [
      1.0,
      1.2246467991473532e-16,
      -3.0043420658426183e-33,
      5.575338685125723e-32,
      3.3643634993767477e-17,
      -0.27472112789737807,
      -0.9615239476408232,
      -1.0593185106510565e-16,
      -1.1775272247818614e-16,
      0.9615239476408232,
      -0.27472112789737807,
      7.280109889280518,
      0.0,
      0.0,
      0.0,
      1.0
    ],
    "1": [
      0.9997792140755745,
      0.021012451128475607,
      -2.3911355745807538e-18,
      5.10276533276992e-17,
      0.005772564273903351,
      -0.2746604733391961,
      -0.961523947640823,
      -6.134623766080345e-16,
      -0.02020397495866173,
      0.9613116566871862,
      -0.2747211278973782,
      7.28010988928052,
      0.0,
      0.0,
      0.0,
      1.0
    ],
    "2": [
      0.999116953795147,
      0.04201562375005737,
      1.216367856116787e-18,
      -2.1832404037731813e-18,
      0.011542579545927628,
      -0.27447853644799525,
      -0.9615239476408232,
      6.060160262866786e-17,
      -0.040399028410746704,
      0.9606748775679835,
      -0.27472112789737807,
      7.280109889280519,
      0.0,
      0.0,
      0.0,
      1.0
    ],
    "3": [
      0.9980135115942135,
      0.06300024345497922,
      -2.158251427075148e-19,
      -1.1272870372086826e-17,
      0.017307497939761298,
      -0.27417539756198533,
      -0.9615239476408232,
      -1.0593185106510565e-16,
      -0.060576242789164535,
      0.9596138914669485,
      -0.274721127897378,
      7.280109889280518,
      0.0,
      0.0,
      0.0,
      1.0
    ],
    "4": [
      0.9964693747217873,
      0.08395704402592014,
      -4.916116218992959e-19,
      -2.2207558522989023e-17,
      0.023064773829730604,
      -0.27375119053876446,
      -0.9615239476408232,
      6.060160262866786e-17,
      -0.08072670840405713,
      0.9581291668856756,
      -0.27472112789737807,
      7.280109889280519,
      0.0,
      0.0,
      0.0,
      1.0
    ],
    "5": [
      0.9944852250252418,
      0.10487677152970691,
      1.868276727536677e-18,
      -1.1325392750956644e-16,
      0.028811864964876713,
      -0.27320610269621226,
      -0.9615239476408232,
      1.4783341170635873e-16,
      -0.10084152737706849,
      0.9562213594367427,
      -0.27472112789737807,
      7.280109889280517,
      0.0,
      0.0,
      0.0,
      1.0
    ],
    "6": [
      0.9920619386492268,
      0.1257501884035878,
      6.4581227646039135e-18,
      -1.2042213337915188e-16,
      0.03454623359154142,
      -0.272540374729775,
      -0.961523947640823,
      1.478334117063587e-16,
      -0.12091181757039499,
      0.9538913115542125,
      -0.27472112789737796,
      7.280109889280517,
      0.0,
      0.0,
      0.0,
      1.0
    ],
    "7": [
      0.9892005856487879,
      0.14656807753428194,
      6.621719520296983e-18,
      -5.550131365196051e-17,
      0.04026534757396829,
      -0.2717543006061819,
      -0.9615239476408232,
      3.143668654001322e-16,
      -0.14092871650888902,
      0.9511400521216367,
      -0.274721127897378,
      7.280109889280518,
      0.0,
      0.0,
      0.0,
      1.0
    ],
    "8": [
      0.9859024295168594,
      0.16732124632799678,
      1.1280040928230418e-18,
      6.491389088671972e-17,
      0.045966681512422294,
      -0.2708482274336369,
      -0.9615239476408232,
      -1.0593185106510565e-16,
      -0.160883385293478,
      0.947968796017729,
      -0.2747211278973781,
      7.280109889280518,
      0.0,
      0.0,
      0.0,
      1.0
    ],
    "9": [
      0.9821689266263425,
      0.1880005307696185,
      -9.09736319019438e-18,
      2.605960796569276e-16,
      0.05164771785833532,
      -0.269822555308546,
      -0.9615239476408232,
      -3.5969711383657e-16,
      -0.18076701250417362,
      0.9443789435799108,
      -0.2747211278973781,
      7.280109889280519,
      0.0,
      0.0,
      0.0,
      1.0
    ],
    "10": [
      0.9780017255870114,
      0.20859679946928325,
      -2.73860428799385e-18,
      1.7263026448878713e-16,
      0.05730594802598469,
      -0.2686777371388458,
      -0.9615239476408232,
      -3.5969711383657e-16,
      -0.2005708180909464,
      0.9403720799859602,
      -0.2747211278973781,
      7.280109889280519,
      0.0,
      0.0,
      0.0,
      1.0
    ],
    "11": [
      0.9734026665175329,
      0.2291009576945419,
      2.5781191847536175e-17,
      -1.3351502888113876e-16,
      0.06293887350021406,
      -0.26741427844401194,
      -0.961523947640823,
      1.478334117063587e-16,
      -0.22028605725074918,
      0.9359499745540419,
      -0.27472112789737796,
      7.280109889280517,
      0.0,
      0.0,
      0.0,
      1.0
    ],
    "12": [
      0.9683737802329244,
      0.24950395138633755,
      1.7782491919668048e-18,
      3.7749376774379722e-16,
      0.06854400693970722,
      -0.2660327371318367,
      -0.9615239476408232,
      -4.469289229142608e-16,
      -0.2399040242889753,
      0.9311145799614285,
      -0.27472112789737807,
      7.280109889280521,
      0.0,
      0.0,
      0.0,
      1.0
    ],
    "13": [
      0.9629172873477994,
      0.2697967711570243,
      2.8469535679972217e-17,
      -1.0043193488596744e-16,
      0.0741188732753285,
      -0.2645337232520711,
      -0.9615239476408232,
      -1.0593185106510565e-16,
      -0.25941605646364974,
      0.9258680313822488,
      -0.274721127897378,
      7.280109889280518,
      0.0,
      0.0,
      0.0,
      1.0
    ],
    "14": [
      0.9570355972958096,
      0.2899704562686572,
      -2.4795290615406322e-18,
      -2.272105637478832e-16,
      0.07966101080304283,
      -0.26291789872704563,
      -0.9615239476408232,
      1.4783341170635873e-16,
      -0.2788135378106499,
      0.9202126455446598,
      -0.274721127897378,
      7.280109889280517,
      0.0,
      0.0,
      0.0,
      1.0
    ],
    "15": [
      0.9507313072657055,
      0.3100160985898033,
      2.5092027602145885e-17,
      -6.918735772911371e-16,
      0.0851679722709355,
      -0.26118597705938323,
      -0.961523947640823,
      4.0159867447782304e-16,
      -0.29808790294827425,
      0.9141509197078415,
      -0.27472112789737796,
      7.280109889280516,
      0.0,
      0.0,
      0.0,
      1.0
    ],
    "16": [
      0.9440072010544917,
      0.3299248465291216,
      -2.0550080948998868e-17,
      1.590012914804012e-16,
      0.09063732595984962,
      -0.2593387230169369,
      -0.9615239476408232,
      -1.9316366014279647e-16,
      -0.3172306408594737,
      0.9076855305592791,
      -0.27472112789737807,
      7.28010988928052,
      0.0,
      0.0,
      0.0,
      1.0
    ],
    "17": [
      0.9368662478381796,
      0.34968790894397606,
      7.539032252941556e-18,
      -2.242990435636642e-16,
      0.09606665675716473,
      -0.2573769522950892,
      -0.9615239476408232,
      1.4783341170635873e-16,
      -0.33623329865007656,
      0.9008193330328121,
      -0.274721127897378,
      7.280109889280517,
      0.0,
      0.0,
      0.0,
      1.0
    ],
    "18": [
      0.9293116008606837,
      0.3692965590223575,
      -1.8577106398256644e-18,
      -3.637546646707567e-16,
      0.10145356722324268,
      -0.25530153115656495,
      -0.9615239476408232,
      3.143668654001322e-16,
      -0.3550874852813494,
      0.8935553590479774,
      -0.274721127897378,
      7.280109889280518,
      0.0,
      0.0,
      0.0,
      1.0
    ],
    "19": [
      0.9213465960414368,
      0.38874213813639696,
      -1.8402486787427155e-17,
      1.3106536559609584e-16,
      0.10679567865006931,
      -0.25311337604891343,
      -0.9615239476408232,
      6.060160262866786e-17,
      -0.3737848752752426,
      0.8858968161711971,
      -0.274721127897378,
      7.280109889280519,
      0.0,
      0.0,
      0.0,
      1.0
    ],
    "20": [
      0.9129747505023436,
      0.40801605966577287,
      7.347973537363715e-18,
      -4.2502112254212384e-16,
      0.11209063211162501,
      -0.25081345319983106,
      -0.9615239476408232,
      3.143668654001322e-16,
      -0.3923172123906876,
      0.8778470861994089,
      -0.274721127897378,
      7.280109889280518,
      0.0,
      0.0,
      0.0,
      1.0
    ],
    "21": [
      0.9041997610147167,
      0.42710981278932186,
      -1.2546259054268217e-17,
      -1.787953459185633e-16,
      0.11733608950552046,
      -0.2484027781905026,
      -0.9615239476408232,
      -1.0593185106510565e-16,
      -0.4106763132693216,
      0.8694097236667591,
      -0.27472112789737807,
      7.280109889280518,
      0.0,
      0.0,
      0.0,
      1.0
    ],
    "22": [
      0.8950255023668877,
      0.4460149662431748,
      2.442660708456489e-17,
      -1.4094551588145074e-16,
      0.12252973458543599,
      -0.24588241550714876,
      -0.9615239476408232,
      -1.0593185106510565e-16,
      -0.42885407104902595,
      0.8605884542750206,
      -0.27472112789737807,
      7.280109889280518,
      0.0,
      0.0,
      0.0,
      1.0
    ],
    "23": [
      0.8854560256532099,
      0.4647231720437686,
      7.337168111627564e-18,
      -8.12208304977691e-16,
      0.1276692739839114,
      -0.2432534780709795,
      -0.9615239476408232,
      4.015986744778231e-16,
      -0.44684245894368985,
      0.8513871732484282,
      -0.274721127897378,
      7.280109889280516,
      0.0,
      0.0,
      0.0,
      1.0
    ],
    "24": [
      0.875495556485208,
      0.4832261691740791,
      -1.2323018517765971e-17,
      4.285892714621288e-16,
      0.13275243822503224,
      -0.240517126746759,
      -0.961523947640823,
      -3.5969711383656997e-16,
      -0.46463353378761285,
      0.8418099436136566,
      -0.27472112789737807,
      7.280109889280519,
      0.0,
      0.0,
      0.0,
      1.0
    ],
    "25": [
      0.8651484931256684,
      0.5015157872314543,
      1.9873999067598335e-17,
      7.836268580927064e-16,
      0.1377769827265666,
      -0.2376745698302006,
      -0.961523947640823,
      -3.5969711383656997e-16,
      -0.48221943954298313,
      0.831860994405702,
      -0.274721127897378,
      7.280109889280519,
      0.0,
      0.0,
      0.0,
      1.0
    ],
    "26": [
      0.8544194045464886,
      0.5195839500354336,
      -1.6199725765054994e-17,
      1.1256884297863262e-15,
      0.1427406887911092,
      -0.23472706251441752,
      -0.9615239476408232,
      -6.134623766080345e-16,
      -0.4995924107688823,
      0.8215447188004613,
      -0.2747211278973781,
      7.28010988928052,
      0.0,
      0.0,
      0.0,
      1.0
    ],
    "27": [
      0.8433130284111489,
      0.5374226791939625,
      -8.012137938631237e-20,
      -1.9073912176928428e-17,
      0.14764136458579613,
      -0.23167590633566446,
      -0.961523947640823,
      -1.0593185106510564e-16,
      -0.5167447760502865,
      0.8108656721748256,
      -0.27472112789737807,
      7.280109889280518,
      0.0,
      0.0,
      0.0,
      1.0
    ],
    "28": [
      0.8318342689826935,
      0.5550240976264255,
      -2.275433798555385e-17,
      1.0096261024228712e-15,
      0.15247684611015608,
      -0.22852244859861662,
      -0.9615239476408232,
      -6.134623766080345e-16,
      -0.5336689613855462,
      0.7998285700951581,
      -0.2747211278973781,
      7.28010988928052,
      0.0,
      0.0,
      0.0,
      1.0
    ],
    "29": [
      0.8199881949581459,
      0.5723804330419423,
      5.2391666091611023e-17,
      -9.302901014777074e-16,
      0.15724499815167206,
      -0.22526808178143698,
      -0.961523947640823,
      1.478334117063587e-16,
      -0.5503574935308523,
      0.7884382862350294,
      -0.274721127897378,
      7.280109889280517,
      0.0,
      0.0,
      0.0,
      1.0
    ],
    "30": [
      0.8077800372303149,
      0.589484021371395,
      -5.811176501626887e-18,
      -4.585952965819244e-16,
      0.16194371522863174,
      -0.22191424292089812,
      -0.9615239476408232,
      -1.0593185106510565e-16,
      -0.566803003300211,
      0.7766998502231434,
      -0.27472112789737807,
      7.280109889280518,
      0.0,
      0.0,
      0.0,
      1.0
    ],
    "31": [
      0.7952151865779788,
      0.6063273101516626,
      -2.290424707397528e-17,
      2.376054426665073e-17,
      0.16657092251984815,
      -0.21846241297782631,
      -0.9615239476408232,
      -1.0593185106510565e-16,
      -0.5829982288194684,
      0.764618445422392,
      -0.2747211278973781,
      7.280109889280518,
      0.0,
      0.0,
      0.0,
      1.0
    ],
    "32": [
      0.7822991912854711,
      0.6229028618605778,
      1.8391975439226446e-17,
      -1.169220780437183e-16,
      0.17112457678084253,
      -0.21491411618315132,
      -0.961523947640823,
      -1.0593185106510564e-16,
      -0.5989360187329489,
      0.7521994066410297,
      -0.274721127897378,
      7.280109889280518,
      0.0,
      0.0,
      0.0,
      1.0
    ],
    "33": [
      0.7690377546927131,
      0.6392033572011263,
      -1.3088509478094125e-17,
      -6.964241775574439e-16,
      0.175602667246084,
      -0.21127091936484926,
      -0.9615239476408232,
      1.4783341170635873e-16,
      -0.614609335361294,
      0.7394482177769723,
      -0.27472112789737807,
      7.280109889280517,
      0.0,
      0.0,
      0.0,
      1.0
    ],
    "34": [
      0.7554367326767791,
      0.655221598333444,
      1.9227738137822848e-17,
      -3.1583933070160736e-16,
      0.18000321651688644,
      -0.20753443125607476,
      -0.961523947640823,
      4.0159867447782304e-16,
      -0.6300112578091026,
      0.7263705093962617,
      -0.27472112789737796,
      7.280109889280516,
      0.0,
      0.0,
      0.0,
      1.0
    ],
    "35": [
      0.7415021310661071,
      0.670950512053178,
      -2.4479115882503022e-17,
      5.010725420102878e-16,
      0.18432428143457238,
      -0.2037063017847904,
      -0.961523947640823,
      -3.5969711383656997e-16,
      -0.6451349850210034,
      0.7129720562467664,
      -0.274721127897378,
      7.280109889280519,
      0.0,
      0.0,
      0.0,
      1.0
    ],
    "36": [
      0.7272401029884931,
      0.6863831529148174,
      -3.878695647740322e-18,
      -3.936691444490823e-16,
      0.18856395393851721,
      -0.19978822134520424,
      -0.961523947640823,
      -1.0593185106510564e-16,
      -0.6599738387848102,
      0.6992587747082148,
      -0.27472112789737807,
      7.280109889280518,
      0.0,
      0.0,
      0.0,
      1.0
    ],
    "37": [
      0.712656946154044,
      0.7015127062986042,
      -1.8446691942241672e-17,
      9.409132207908064e-16,
      0.19272036190869468,
      -0.19578192005134,
      -0.961523947640823,
      -3.5969711383656997e-16,
      -0.6745212666804314,
      0.6852367201796901,
      -0.27472112789737807,
      7.280109889280519,
      0.0,
      0.0,
      0.0,
      1.0
    ],
    "38": [
      0.6977591000742853,
      0.7163324914196783,
      -1.7162148550119838e-17,
      8.745336599286127e-16,
      0.19679166999235292,
      -0.19168916697306718,
      -0.9615239476408232,
      1.4783341170635873e-16,
      -0.6887708449732353,
      0.670912084405735,
      -0.2747211278973781,
      7.280109889280517,
      0.0,
      0.0,
      0.0,
      1.0
    ],
    "39": [
      0.6825531432186538,
      0.7308359642781244,
      -9.805809641052619e-18,
      -5.2741039177742704e-17,
      0.2007760804144542,
      -0.18751176935492916,
      -0.961523947640823,
      -1.0593185106510564e-16,
      -0.7027162814505897,
      0.6562911927422521,
      -0.274721127897378,
      7.280109889280518,
      0.0,
      0.0,
      0.0,
      1.0
    ],
    "40": [
      0.6670457901096326,
      0.7450167205486171,
      -4.602818216226597e-17,
      6.201718080421554e-16,
      0.2046718337715217,
      -0.18325157181811594,
      -0.9615239476408232,
      3.143668654001322e-16,
      -0.7163514182003261,
      0.6413805013634059,
      -0.274721127897378,
      7.280109889280518,
      0.0,
      0.0,
      0.0,
      1.0
    ],
    "41": [
      0.6512438883578044,
      0.758868498408392,
      -4.32004092330601e-18,
      7.809479453107761e-16,
      0.20847720980854298,
      -0.17891045554593016,
      -0.9615239476408232,
      3.143668654001322e-16,
      -0.7296702343299005,
      0.6261865944107556,
      -0.274721127897378,
      7.280109889280518,
      0.0,
      0.0,
      0.0,
      1.0
    ],
    "42": [
      0.635154415638141,
      0.77238518130229,
      -1.2100402835468462e-17,
      4.351496896700744e-16,
      0.21219052817858594,
      -0.1744903374531102,
      -0.9615239476408232,
      -1.0593185106510565e-16,
      -0.7426668486250507,
      0.6107161810858857,
      -0.274721127897378,
      7.280109889280518,
      0.0,
      0.0,
      0.0,
      1.0
    ],
    "43": [
      0.6187844766088584,
      0.7855608006436557,
      -3.4463350164704645e-17,
      -7.218593489334525e-17,
      0.21581014918479238,
      -0.1699931693393743,
      -0.961523947640823,
      1.478334117063587e-16,
      -0.7553355221467734,
      0.59497609268781,
      -0.27472112789737796,
      7.280109889280517,
      0.0,
      0.0,
      0.0,
      1.0
    ],
    "44": [
      0.6021412997741993,
      0.7983895384498958,
      4.687310379811022e-18,
      -1.030867873164402e-15,
      0.2193344745044225,
      -0.16542093702756125,
      -0.961523947640823,
      -3.5969711383656997e-16,
      -0.7676706607654789,
      0.5789732795964644,
      -0.27472112789737807,
      7.280109889280519,
      0.0,
      0.0,
      0.0,
      1.0
    ],
    "45": [
      0.5852322342925292,
      0.8108657299115397,
      -1.5021566703280277e-17,
      3.811225526524649e-16,
      0.22276194789462894,
      -0.16077565948674627,
      -0.9615239476408232,
      -1.0593185106510565e-16,
      -0.7796668176312012,
      0.5627148082036119,
      -0.27472112789737807,
      7.280109889280518,
      0.0,
      0.0,
      0.0,
      1.0
    ],
    "46": [
      0.5680647467311558,
      0.8229838658936565,
      5.220398206457264e-17,
      -1.1781725074252893e-15,
      0.22609105587964987,
      -0.15605938794072152,
      -0.9615239476408232,
      -6.134623766080345e-16,
      -0.7913186955787744,
      0.5462078577925252,
      -0.27472112789737807,
      7.28010988928052,
      0.0,
      0.0,
      0.0,
      1.0
    ],
    "47": [
      0.5506464177693008,
      0.8347385953685361,
      2.961052382056835e-17,
      -3.634460681689427e-16,
      0.22932032841911731,
      -0.15127420496223318,
      -0.9615239476408232,
      -1.0593185106510565e-16,
      -0.8026211494669105,
      0.529459717367816,
      -0.27472112789737807,
      7.280109889280518,
      0.0,
      0.0,
      0.0,
      1.0
    ],
    "48": [
      0.5329849388506883,
      0.8461247277785516,
      6.0827985419863256e-18,
      2.505065087111258e-16,
      0.23244833955718563,
      -0.1464222235533762,
      -0.9615239476408232,
      -1.0593185106510565e-16,
      -0.8135691884501497,
      0.5124777824368166,
      -0.27472112789737807,
      7.280109889280518,
      0.0,
      0.0,
      0.0,
      1.0
    ],
    "49": [
      0.515088108787218,
      0.8571372353281631,
      -2.26016726711698e-17,
      -1.0435453589953282e-16,
      0.23547370805219334,
      -0.14150558621255188,
      -0.9615239476408232,
      6.060160262866786e-17,
      -0.8241579781826768,
      0.49526955174393167,
      -0.27472112789737807,
      7.280109889280519,
      0.0,
      0.0,
      0.0,
      1.0
    ],
    "50": [
      0.49696383031522917,
      0.8677712552040522,
      1.1734022279819495e-17,
      1.193847733315835e-16,
      0.23839509798658065,
      -0.13652646398840093,
      -0.961523947640823,
      -1.0593185106510564e-16,
      -0.8343828429530323,
      0.4778426239594033,
      -0.274721127897378,
      7.280109889280518,
      0.0,
      0.0,
      0.0,
      1.0
    ],
    "51": [
      0.47862010660587645,
      0.8780220917224004,
      4.290876291265841e-18,
      -2.9456171073980424e-16,
      0.24121121935679296,
      -0.1314870555211297,
      -0.961523947640823,
      -3.5969711383656997e-16,
      -0.8442392677487754,
      0.46020469432395394,
      -0.27472112789737807,
      7.280109889280519,
      0.0,
      0.0,
      0.0,
      1.0
    ],
    "52": [
      0.46006503773115226,
      0.8878852184023752,
      -2.6279037826723296e-19,
      -6.009884262809501e-16,
      0.24392082864291043,
      -0.1263895860716519,
      -0.9615239476408232,
      -3.5969711383657e-16,
      -0.8537229002501864,
      0.44236355125078164,
      -0.2747211278973781,
      7.280109889280519,
      0.0,
      0.0,
      0.0,
      1.0
    ],
    "53": [
      0.44130681708712505,
      0.8973562799648926,
      3.3128902515050396e-17,
      2.973566923717711e-16,
      0.24652272935775066,
      -0.12123630653897688,
      -0.9615239476408232,
      3.143668654001322e-16,
      -0.8628295527521274,
      0.42432707288641913,
      -0.27472112789737807,
      7.280109889280518,
      0.0,
      0.0,
      0.0,
      1.0
    ],
    "54": [
      0.4223537277759662,
      0.9064310942557878,
      -7.9762805990505e-18,
      9.128038316887852e-16,
      0.24901577257520457,
      -0.1160294924662756,
      -0.9615239476408232,
      5.681321281715965e-16,
      -0.8715552040132161,
      0.40610322363196466,
      -0.274721127897378,
      7.280109889280517,
      0.0,
      0.0,
      0.0,
      1.0
    ],
    "55": [
      0.4032141389483648,
      0.9151056540925364,
      1.0711115945020442e-17,
      -1.1098185252329944e-16,
      0.2513988574375695,
      -0.11077144303606487,
      -0.9615239476408232,
      6.060160262866786e-17,
      -0.8798960010314933,
      0.3877000506262271,
      -0.27472112789737807,
      7.280109889280519,
      0.0,
      0.0,
      0.0,
      1.0
    ],
    "56": [
      0.38389650210794457,
      0.9233761290337134,
      1.0167890413081751e-17,
      1.228807213398848e-16,
      0.2536709316416566,
      -0.10546448005495271,
      -0.9615239476408232,
      1.4783341170635873e-16,
      -0.8878482607457981,
      0.36912568019233444,
      -0.27472112789737807,
      7.280109889280517,
      0.0,
      0.0,
      0.0,
      1.0
    ],
    "57": [
      0.3644093473793212,
      0.9312388670704079,
      -9.308980411354261e-18,
      3.978821603878176e-16,
      0.255830991903459,
      -0.10011094692839455,
      -0.9615239476408232,
      3.143668654001322e-16,
      -0.8954084716621066,
      0.350388314249381,
      -0.274721127897378,
      7.280109889280518,
      0.0,
      0.0,
      0.0,
      1.0
    ],
    "58": [
      0.34476127974143683,
      0.9386903962388486,
      -1.2840077754742077e-17,
      4.035642076488085e-16,
      0.2578780844011732,
      -0.09471320762591101,
      -0.9615239476408232,
      1.4783341170635873e-16,
      -0.9025732954041061,
      0.3314962266906885,
      -0.274721127897378,
      7.280109889280517,
      0.0,
      0.0,
      0.0,
      1.0
    ],
    "59": [
      0.32496097522784523,
      0.9457274261535232,
      -2.4849835029738687e-18,
      -7.760576581277114e-16,
      0.25981130519638024,
      -0.08927364563722558,
      -0.9615239476408232,
      -4.469289229142608e-16,
      -0.909339568187331,
      0.31245775973028955,
      -0.2747211278973781,
      7.280109889280521,
      0.0,
      0.0,
      0.0,
      1.0
    ],
    "60": [
      0.30501717709561743,
      0.9523468494601223,
      -1.8514722714895557e-17,
      1.1122796717164227e-16,
      0.26162980063319924,
      -0.0837946629197823,
      -0.9615239476408232,
      6.060160262866786e-17,
      -0.9157043022161975,
      0.2932813202192381,
      -0.27472112789737796,
      7.280109889280519,
      0.0,
      0.0,
      0.0,
      1.0
    ],
    "61": [
      0.2849386919645683,
      0.9585457432076577,
      -9.305414984524737e-18,
      1.418086442398422e-16,
      0.26333276771523817,
      -0.07827867883810978,
      -0.9615239476408232,
      -1.0593185106510565e-16,
      -0.9216646870033336,
      0.2739753759333842,
      -0.27472112789737807,
      7.280109889280518,
      0.0,
      0.0,
      0.0,
      1.0
    ],
    "62": [
      0.26473438592849935,
      0.9643213701391568,
      1.429342569644819e-17,
      -1.6913955152801282e-17,
      0.26491945446017406,
      -0.07272812909549711,
      -0.9615239476408232,
      -1.0593185106510565e-16,
      -0.9272180906106092,
      0.25454845183423985,
      -0.27472112789737807,
      7.280109889280518,
      0.0,
      0.0,
      0.0,
      1.0
    ],
    "63": [
      0.2444131806401815,
      0.9696711799003568,
      -2.665706475431228e-17,
      2.0598044744695252e-16,
      0.2663891602318073,
      -0.06714546465845625,
      -0.9615239476408232,
      1.4783341170635873e-16,
      -0.9323620608113257,
      0.23500912630459686,
      -0.274721127897378,
      7.280109889280517,
      0.0,
      0.0,
      0.0,
      1.0
    ],
    "64": [
      0.2239840493718047,
      0.9745928101658707,
      -4.519802609777054e-18,
      1.1712277860799548e-16,
      0.2677412360494433,
      -0.0615331506744442,
      -0.9615239476408232,
      1.4783341170635873e-16,
      -0.9370943261730513,
      0.21536602736055468,
      -0.27472112789737807,
      7.280109889280517,
      0.0,
      0.0,
      0.0,
      1.0
    ],
    "65": [
      0.20345601305263364,
      0.9790840876823228,
      -1.1033285876828484e-18,
      -1.490013493726696e-16,
      0.26897508487446314,
      -0.0558936653833232,
      -0.9615239476408232,
      -3.5969711383657e-16,
      -0.9414127970606211,
      0.19562782884163119,
      -0.27472112789737807,
      7.280109889280519,
      0.0,
      0.0,
      0.0,
      1.0
    ],
    "66": [
      0.1828381362856193,
      0.9831430292279965,
      1.427798208898556e-17,
      -1.7104376483335814e-16,
      0.2700901618739601,
      -0.05022949902303985,
      -0.9615239476408232,
      -1.9316366014279647e-16,
      -0.9453155665588606,
      0.1758032465806395,
      -0.2747211278973781,
      7.28010988928052,
      0.0,
      0.0,
      0.0,
      1.0
    ],
    "67": [
      0.16213952334472462,
      0.9867678424885691,
      -6.7089992325928245e-18,
      6.653132912069942e-17,
      0.271085974661322,
      -0.044543152730006,
      -0.9615239476408232,
      1.4783341170635873e-16,
      -0.9488009113146268,
      0.155901034555021,
      -0.274721127897378,
      7.280109889280517,
      0.0,
      0.0,
      0.0,
      1.0
    ],
    "68": [
      0.1413693141547348,
      0.9899569268485472,
      3.601309199768363e-18,
      -4.6538938875454116e-17,
      0.2719620835136551,
      -0.03883713743466753,
      -0.9615239476408232,
      -1.0593185106510565e-16,
      -0.9518672922977928,
      0.13592998102133633,
      -0.27472112789737807,
      7.280109889280518,
      0.0,
      0.0,
      0.0,
      1.0
    ],
    "69": [
      0.12053668025532287,
      0.992708874098054,
      -6.375798954142195e-18,
      1.1591011194276145e-16,
      0.2727181015659536,
      -0.03311397275274791,
      -0.961523947640823,
      1.478334117063587e-16,
      -0.9545133554808377,
      0.11589890463461769,
      -0.274721127897378,
      7.280109889280517,
      0.0,
      0.0,
      0.0,
      1.0
    ],
    "70": [
      0.09965082075115649,
      0.9950224690546545,
      4.7623068796292176e-18,
      5.070197843182464e-17,
      0.27335369498192863,
      -0.027376185872657145,
      -0.9615239476408232,
      6.060160262866786e-17,
      -0.9567379324367503,
      0.09581665055430003,
      -0.27472112789737807,
      7.280109889280519,
      0.0,
      0.0,
      0.0,
      1.0
    ],
    "71": [
      0.07872095824983123,
      0.9968966900999462,
      -1.2246734484667392e-18,
      -2.950888191223005e-17,
      0.27386858310142015,
      -0.021626310439556047,
      -0.9615239476408232,
      -1.0593185106510565e-16,
      -0.9585400408549706,
      0.07569208653844615,
      -0.27472112789737807,
      7.280109889280518,
      0.0,
      0.0,
      0.0,
      1.0
    ],
    "72": [
      0.057756334789428314,
      0.9983307096306772,
      -1.1844949863562805e-19,
      -4.3622084694143874e-17,
      0.2742625385643295,
      -0.015866885436570322,
      -0.9615239476408232,
      -3.5969711383657e-16,
      -0.9599188849751531,
      0.05553409902799612,
      -0.27472112789737807,
      7.280109889280519,
      0.0,
      0.0,
      0.0,
      1.0
    ],
    "73": [
      0.03676620775748955,
      0.9993238944241919,
      -1.7157927175104396e-20,
      4.9722082927605097e-17,
      0.27453538741101424,
      -0.01010045406364686,
      -0.9615239476408232,
      3.143668654001322e-16,
      -0.96087385593855,
      0.03535158922276402,
      -0.274721127897378,
      7.280109889280518,
      0.0,
      0.0,
      0.0,
      1.0
    ],
    "74": [
      0.015759845803216304,
      0.9998758059180446,
      1.6800298928968749e-19,
      3.197069074182742e-18,
      0.274687009159105,
      -0.004329562614548341,
      -0.9615239476408232,
      6.060160262866786e-17,
      -0.9614045320568676,
      0.015153469150919198,
      -0.274721127897378,
      7.280109889280519,
      0.0,
      0.0,
      0.0,
      1.0
    ],
    "75": [
      -0.005253475255306095,
      0.9999862004036565,
      -1.4479212091566218e-19,
      -4.6476406605830235e-18,
      0.274717336856706,
      0.001443240647518657,
      -0.9615239476408232,
      1.4783341170635873e-16,
      -0.961510678998471,
      -0.005051342266315298,
      -0.27472112789737807,
      7.280109889280517,
      0.0,
      0.0,
      0.0,
      1.0
    ],
    "76": [
      -0.02626447652704713,
      0.9996550291339309,
      -1.7146888309361246e-18,
      3.3420144999913584e-17,
      0.2746263571119598,
      0.0072154066151445964,
      -0.9615239476408232,
      -1.9316366014279647e-16,
      -0.9611922498918595,
      -0.02525392315300609,
      -0.2747211278973781,
      7.28010988928052,
      0.0,
      0.0,
      0.0,
      1.0
    ],
    "77": [
      -0.047263880145328986,
      0.9988824383447774,
      2.3005601741160197e-19,
      -6.212242926226428e-17,
      0.2744141100989604,
      0.01298438646233127,
      -0.961523947640823,
      3.1436686540013213e-16,
      -0.9604493853463615,
      -0.045445352618159456,
      -0.27472112789737796,
      7.280109889280518,
      0.0,
      0.0,
      0.0,
      1.0
    ],
    "78": [
      -0.06824241336467102,
      0.9976687691905392,
      1.3598045895113334e-18,
      1.0044539216316793e-16,
      0.2740806895400139,
      0.018747632769981527,
      -0.9615239476408232,
      -3.5969711383657e-16,
      -0.9592824133900485,
      -0.06561671469493534,
      -0.27472112789737807,
      7.280109889280519,
      0.0,
      0.0,
      0.0,
      1.0
    ],
    "79": [
      -0.08919081265537375,
      0.9960145575933486,
      -4.392914938999478e-18,
      -7.609053667113565e-18,
      0.2736262426642528,
      0.02450260065076802,
      -0.9615239476408232,
      -1.0593185106510565e-16,
      -0.9576918493248846,
      -0.08575910227768806,
      -0.2747211278973781,
      7.280109889280518,
      0.0,
      0.0,
      0.0,
      1.0
    ],
    "80": [
      -0.11009982779403173,
      0.9939205340064792,
      -2.0026661101517545e-18,
      -2.2483182267444993e-18,
      0.27305097014262425,
      0.030246748872883495,
      -0.9615239476408232,
      -1.0593185106510565e-16,
      -0.9556783954991848,
      -0.10586362105509221,
      -0.2747211278973781,
      7.280109889280518,
      0.0,
      0.0,
      0.0,
      1.0
    ],
    "81": [
      -0.1309602259481723,
      0.9913876230917974,
      -1.0656860686377927e-17,
      2.157663313921509e-17,
      0.2723551259992793,
      0.03597754098217737,
      -0.9615239476408232,
      -1.9316366014279647e-16,
      -0.9532429409974776,
      -0.1259213934376208,
      -0.2747211278973781,
      7.28010988928052,
      0.0,
      0.0,
      0.0,
      1.0
    ],
    "82": [
      -0.1517627957532152,
      0.9884169433114589,
      -9.29964396406037e-18,
      3.833647466508681e-17,
      0.2715390174994028,
      0.0416924464221827,
      -0.9615239476408232,
      6.060160262866786e-17,
      -0.9503865612479098,
      -0.14592356247763946,
      -0.27472112789737807,
      7.280109889280519,
      0.0,
      0.0,
      0.0,
      1.0
    ],
    "83": [
      -0.1724983513799506,
      0.9850098064340268,
      -4.927432887529345e-18,
      7.843092369908724e-17,
      0.27060300501353396,
      0.047388941651538265,
      -0.9615239476408232,
      -1.9316366014279647e-16,
      -0.9471105175473689,
      -0.16586129578038394,
      -0.27472112789737807,
      7.28010988928052,
      0.0,
      0.0,
      0.0,
      1.0
    ],
    "84": [
      -0.19315773659074342,
      0.9811677169552314,
      -8.809699602718744e-18,
      1.0312771414090417e-16,
      0.2695475018584366,
      0.05306451125831368,
      -0.9615239476408232,
      -3.5969711383657e-16,
      -0.943416256504528,
      -0.18572578940409787,
      -0.2747211278973781,
      7.280109889280519,
      0.0,
      0.0,
      0.0,
      1.0
    ],
    "85": [
      -0.2137318287826697,
      0.9768923714336272,
      -2.23260507892352e-18,
      -1.6374251627403047e-16,
      0.2683729741145904,
      0.058716649070744295,
      -0.9615239476408232,
      1.4783341170635873e-16,
      -0.9393054094010663,
      -0.20550827174760503,
      -0.27472112789737807,
      7.280109889280517,
      0.0,
      0.0,
      0.0,
      1.0
    ],
    "86": [
      -0.2342115430158024,
      0.9721856577414404,
      -2.3060896263917714e-17,
      5.210576382142419e-17,
      0.2670799404203828,
      0.06434285926388651,
      -0.9615239476408232,
      1.4783341170635873e-16,
      -0.9347797914713398,
      -0.22520000742360274,
      -0.2747211278973781,
      7.280109889280517,
      0.0,
      0.0,
      0.0,
      1.0
    ],
    "87": [
      -0.25458783602486335,
      0.9670496542309384,
      -1.7101381901939807e-17,
      -1.7433885688504991e-16,
      0.26566897174309284,
      0.06994065746170319,
      -0.9615239476408232,
      1.4783341170635873e-16,
      -0.9298414011008248,
      -0.24479230111596115,
      -0.27472112789737807,
      7.280109889280517,
      0.0,
      0.0,
      0.0,
      1.0
    ],
    "88": [
      -0.27485171021247573,
      0.9614866288166868,
      -3.64406118337148e-18,
      2.814286193761727e-16,
      0.26414069112676786,
      0.07550757183409464,
      -0.9615239476408232,
      -3.5969711383657e-16,
      -0.9244924189436875,
      -0.26427650141933123,
      -0.27472112789737807,
      7.280109889280519,
      0.0,
      0.0,
      0.0,
      1.0
    ],
    "89": [
      -0.2949942176222497,
      0.9554990379741032,
      -6.03841431408162e-18,
      1.8199393175716497e-16,
      0.26249577341710534,
      0.08104114418838902,
      -0.9615239476408232,
      -3.5969711383657e-16,
      -0.9187352069598685,
      -0.28364400465936157,
      -0.27472112789737807,
      7.280109889280519,
      0.0,
      0.0,
      0.0,
      1.0
    ],
    "90": [
      -0.31500646388994785,
      0.949089525654746,
      5.5601501735997226e-18,
      1.797514435250009e-17,
      0.26073494496345934,
      0.08653893105481117,
      -0.9615239476408232,
      -1.0593185106510565e-16,
      -0.9125723073721077,
      -0.30288625869183905,
      -0.27472112789737807,
      7.280109889280518,
      0.0,
      0.0,
      0.0,
      1.0
    ],
    "91": [
      -0.33487961217098633,
      0.9422609221188203,
      -3.134917526961905e-17,
      4.947382043670467e-16,
      0.2588589832981059,
      0.09199850476544989,
      -0.961523947640823,
      -6.134623766080345e-16,
      -0.9060064415433706,
      -0.3219947666790746,
      -0.2747211278973782,
      7.28010988928052,
      0.0,
      0.0,
      0.0,
      1.0
    ],
    "92": [
      -0.35460488704253584,
      0.9350162426854148,
      1.4654506161896438e-18,
      -1.9274962683115915e-16,
      0.25686871679290574,
      0.09741745452624778,
      -0.9615239476408232,
      -1.0593185106510565e-16,
      -0.89904050877517,
      -0.3409610908418672,
      -0.27472112789737807,
      7.280109889280518,
      0.0,
      0.0,
      0.0,
      1.0
    ],
    "93": [
      -0.3741735783785021,
      0.9273586864010208,
      2.830973998600292e-17,
      -5.567082911546112e-17,
      0.2547650242935193,
      0.10279338748154009,
      -0.961523947640823,
      1.478334117063587e-16,
      -0.8916775850273176,
      -0.35977685618539035,
      -0.27472112789737796,
      7.280109889280517,
      0.0,
      0.0,
      0.0,
      1.0
    ],
    "94": [
      -0.39357704519567294,
      0.9192916346269248,
      5.559987577762325e-18,
      1.5564816718402106e-16,
      0.2525488347313331,
      0.1081239297706726,
      -0.9615239476408232,
      6.060160262866786e-17,
      -0.883920921559666,
      -0.37843375419735414,
      -0.274721127897378,
      7.280109889280519,
      0.0,
      0.0,
      0.0,
      1.0
    ],
    "95": [
      -0.4128067194693313,
      0.9108186495460932,
      9.381910961359502e-18,
      -3.1297897761852926e-16,
      0.25022112671326935,
      0.11340672757623121,
      -0.961523947640823,
      1.478334117063587e-16,
      -0.8757739434964429,
      -0.3969235465168092,
      -0.27472112789737796,
      7.280109889280517,
      0.0,
      0.0,
      0.0,
      1.0
    ],
    "96": [
      -0.4318541099166554,
      0.9019434725902136,
      -2.7788207658933233e-18,
      -4.635227237356338e-16,
      0.2477829280896614,
      0.11863944816342183,
      -0.9615239476408232,
      1.4783341170635873e-16,
      -0.8672402483138147,
      -0.41523806857197637,
      -0.27472112789737807,
      7.280109889280517,
      0.0,
      0.0,
      0.0,
      1.0
    ],
    "97": [
      -0.45071080574622974,
      0.8926700227875831,
      -1.8723825706989803e-18,
      -1.2786689929169595e-16,
      0.245235315500383,
      0.12381978091014027,
      -0.961523947640823,
      -1.0593185106510564e-16,
      -0.8583236042513405,
      -0.433369233185491,
      -0.274721127897378,
      7.280109889280518,
      0.0,
      0.0,
      0.0,
      1.0
    ],
    "98": [
      -0.46936848037201373,
      0.8830023950325767,
      3.1451232859742443e-17,
      6.246150434755989e-18,
      0.24257941389943555,
      0.12894543832727792,
      -0.961523947640823,
      -1.0593185106510564e-16,
      -0.8490279486480244,
      -0.4513090341454728,
      -0.27472112789737796,
      7.280109889280518,
      0.0,
      0.0,
      0.0,
      1.0
    ],
    "99": [
      -0.48781889509012744,
      0.8729448582774557,
      -8.7836440839077e-18,
      1.0325902949187902e-16,
      0.23981639605819946,
      0.13401415706881256,
      -0.961523947640823,
      -1.0593185106510564e-16,
      -0.8393573862036982,
      -0.46904954974084395,
      -0.27472112789737807,
      7.280109889280518,
      0.0,
      0.0,
      0.0,
      1.0
    ],
    "100": [
      -0.5060539027168318,
      0.8625018536473203,
      -1.1023467388632084e-17,
      9.961234144108793e-16,
      0.23694748204757113,
      0.13902369893123803,
      -0.961523947640823,
      -6.134623766080344e-16,
      -0.8293161871664989,
      -0.4865829462593332,
      -0.274721127897378,
      7.28010988928052,
      0.0,
      0.0,
      0.0,
      1.0
    ],
    "101": [
      -0.5240654511860952,
      0.8516779924790322,
      3.0589622114159233e-17,
      -3.156130046109071e-16,
      0.23397393869921443,
      0.14397185184189237,
      -0.961523947640823,
      1.478334117063587e-16,
      -0.8189087854472504,
      -0.5039014814466233,
      -0.274721127897378,
      7.280109889280517,
      0.0,
      0.0,
      0.0,
      1.0
    ],
    "102": [
